3.873047
3.402344
3.160156
2.384766
3.267578
3.884766
3.283203
3.800781
3.150391
3.451172
3.689453
2.861328
3.937500
3.451172
2.318359
3.949219
3.923828
3.289062
2.597656
2.539062
3.537109
3.355469
3.091797
3.044922
3.742188
4.101562
3.142578
4.082031
4.023438
4.050781
3.177734
3.923828
3.601562
3.544922
3.937500
2.000000
2.000000
3.550781
3.916016
4.023438
2.333984
3.625000
2.697266
3.523438
3.166016
4.035156
2.925781
4.000000
4.371094
3.636719
5.000000
3.666016
3.333984
3.142578
4.000000
4.000000
2.828125
3.572266
3.689453
2.833984
2.400391
2.025391
2.000000
3.500000
3.818359
3.021484
2.427734
3.166016
4.117188
3.025391
3.333984
4.000000
3.199219
2.960938
4.625000
3.250000
3.800781
3.000000
4.000000
4.062500
3.765625
1.666992
2.890625
3.441406
3.541016
2.226562
3.568359
3.177734
1.000000
3.875000
3.000000
2.750000
3.427734
3.882812
2.591797
4.000000
3.292969
3.115234
3.462891
4.000000
3.945312
4.222656
3.296875
3.199219
3.000000
4.750000
3.000000
2.800781
3.000000
3.800781
3.052734
4.000000
3.000000
3.714844
2.699219
3.000000
4.500000
2.000000
2.875000
3.000000
1.000000
3.478516
3.580078
3.326172
3.279297
4.332031
3.642578
4.000000
4.332031
3.902344
3.562500
3.833984
2.783203
3.812500
3.054688
3.955078
2.375000
2.871094
3.937500
2.341797
3.832031
4.136719
3.515625
3.558594
3.443359
3.000000
4.000000
3.117188
2.562500
3.289062
4.332031
2.572266
2.564453
2.250000
3.957031
3.777344
2.884766
4.699219
3.500000
3.306641
1.799805
5.000000
4.500000
3.103516
2.875000
2.833984
3.125000
4.000000
3.833984
3.000000
2.314453
4.292969
3.214844
2.808594
3.441406
3.333984
4.000000
4.000000
3.000000
3.304688
3.000000
4.000000
3.599609
3.375000
2.751953
2.599609
3.333984
4.222656
3.000000
3.722656
3.023438
2.714844
3.333984
4.250000
3.000000
3.931641
3.962891
3.599609
3.173828
3.156250
2.000000
4.082031
3.699219
3.111328
4.207031
4.269531
2.750000
3.904297
3.357422
3.191406
3.000000
2.933594
3.400391
3.500000
3.750000
4.000000
3.000000
3.000000
4.039062
3.650391
3.154297
3.375000
3.250000
3.000000
3.060547
3.396484
3.000000
2.199219
2.703125
3.576172
2.500000
3.699219
4.222656
3.714844
3.849609
3.000000
4.500000
3.878906
3.486328
2.730469
4.250000
3.666016
3.222656
3.500000
4.000000
3.128906
2.666016
2.800781
2.863281
3.357422
3.000000
2.875000
4.113281
3.861328
3.283203
3.000000
4.000000
3.199219
3.335938
3.464844
3.937500
2.000000
3.308594
4.070312
3.333984
3.000000
4.257812
3.750000
3.750000
5.000000
3.714844
3.187500
3.333984
2.750000
4.171875
4.144531
4.160156
5.000000
3.599609
2.714844
3.941406
2.908203
3.369141
2.964844
4.488281
3.974609
2.750000
3.642578
3.642578
3.333984
3.000000
4.070312
2.750000
3.625000
3.351562
2.699219
3.000000
3.199219
3.320312
3.072266
3.000000
3.000000
3.794922
2.800781
3.441406
3.000000
4.500000
3.437500
3.000000
2.871094
3.750000
3.000000
3.857422
3.937500
3.787109
3.328125
3.191406
3.357422
3.589844
3.500000
2.205078
4.054688
3.683594
2.427734
2.500000
3.380859
3.449219
4.500000
3.777344
3.000000
3.273438
3.070312
3.535156
3.054688
3.052734
3.250000
3.058594
4.140625
2.099609
3.666016
3.425781
3.566406
3.250000
3.261719
3.515625
3.138672
3.105469
3.115234
3.250000
3.666016
3.666016
4.000000
4.101562
3.000000
2.666016
2.099609
4.000000
2.312500
3.050781
3.000000
2.500000
3.150391
3.539062
2.308594
2.500000
2.833984
3.250000
3.615234
3.000000
2.599609
2.630859
3.000000
3.722656
3.392578
3.000000
3.875000
3.166016
2.427734
3.716797
2.554688
3.671875
2.650391
2.857422
3.083984
2.462891
2.199219
2.750000
3.000000
1.000000
3.560547
3.662109
2.968750
2.666016
3.000000
3.111328
4.000000
4.000000
3.591797
3.500000
3.437500
3.427734
4.000000
2.400391
3.472656
2.837891
3.333984
3.953125
3.750000
3.500000
2.500000
3.300781
3.427734
3.111328
3.500000
3.169922
3.333984
3.302734
3.125000
2.000000
3.876953
3.500000
1.000000
3.863281
4.210938
4.000000
3.593750
3.250000
3.707031
3.343750
2.849609
2.750000
2.750000
2.886719
2.500000
3.500000
3.125000
2.625000
3.427734
3.285156
3.738281
3.304688
3.474609
3.812500
2.666016
3.982422
2.666016
3.000000
3.466797
4.101562
2.437500
3.199219
2.714844
3.111328
3.500000
3.667969
3.750000
2.300781
3.000000
3.500000
2.500000
3.646484
4.042969
2.923828
3.093750
2.136719
2.396484
3.062500
3.599609
2.833984
3.333984
3.554688
1.000000
4.304688
2.500000
3.933594
3.564453
3.250000
3.333984
4.199219
3.884766
2.250000
3.050781
3.900391
3.427734
2.695312
4.039062
2.736328
3.345703
2.611328
1.735352
3.000000
3.000000
4.125000
3.273438
3.650391
3.140625
3.482422
3.000000
3.884766
3.900391
2.666016
5.000000
3.000000
3.716797
3.000000
3.000000
4.500000
4.000000
3.500000
2.500000
4.000000
1.000000
3.333984
3.572266
2.000000
3.000000
4.234375
4.000000
3.072266
3.113281
3.326172
3.673828
4.007812
3.718750
3.398438
4.136719
3.662109
3.750000
3.583984
3.361328
4.035156
4.000000
3.000000
3.341797
2.750000
4.257812
3.107422
3.347656
3.000000
2.666016
3.500000
1.500000
3.500000
3.464844
1.000000
2.125000
3.250000
3.333984
2.000000
3.333984
3.880859
3.500000
3.250000
4.500000
4.000000
3.857422
2.757812
4.000000
3.199219
3.333984
3.628906
3.533203
3.187500
1.000000
3.113281
3.000000
4.250000
3.632812
3.111328
3.412109
3.500000
3.400391
3.666016
4.000000
3.166016
4.031250
2.679688
2.691406
3.833984
4.000000
3.916016
3.000000
3.125000
3.000000
2.449219
4.000000
3.357422
2.000000
2.849609
4.000000
2.000000
3.333984
3.000000
3.142578
5.000000
3.000000
3.000000
2.833984
3.111328
3.402344
2.875000
1.500000
3.222656
3.544922
2.666016
3.000000
2.808594
4.000000
4.000000
4.000000
3.111328
2.375000
3.000000
3.968750
2.750000
3.736328
4.125000
3.250000
2.367188
4.148438
2.750000
2.681641
4.195312
2.000000
2.750000
3.273438
4.210938
3.500000
3.666016
2.000000
3.000000
4.000000
5.000000
3.333984
3.111328
2.460938
5.000000
2.804688
4.222656
4.000000
3.000000
2.000000
4.140625
2.625000
3.484375
3.750000
3.333984
3.357422
2.550781
3.333984
3.109375
4.500000
3.080078
4.000000
3.416016
3.228516
4.070312
3.208984
3.326172
4.250000
2.892578
3.765625
2.888672
3.250000
2.750000
2.000000
2.666016
3.000000
2.607422
5.000000
3.000000
3.375000
1.000000
3.134766
3.500000
3.566406
2.625000
3.000000
3.166016
2.576172
3.666016
3.816406
3.273438
3.500000
3.714844
2.333984
3.000000
5.000000
4.000000
3.455078
2.697266
4.500000
3.000000
3.259766
4.000000
4.488281
3.500000
3.500000
4.000000
3.871094
3.000000
2.750000
1.666992
5.000000
4.000000
5.000000
3.300781
2.380859
3.000000
2.666016
2.000000
1.500000
3.666016
4.000000
2.222656
3.785156
4.667969
3.666016
3.625000
4.351562
4.195312
3.955078
3.916016
3.591797
4.226562
4.316406
4.378906
3.654297
4.089844
4.269531
3.802734
3.947266
4.109375
4.234375
4.386719
3.646484
3.890625
4.019531
3.687500
3.572266
3.957031
4.042969
3.900391
4.292969
4.199219
3.886719
4.433594
4.500000
4.175781
3.800781
4.117188
3.812500
3.593750
3.964844
3.583984
4.082031
3.691406
3.800781
3.818359
4.000000
3.972656
3.875000
3.884766
4.000000
3.000000
4.000000
4.300781
3.681641
3.591797
3.593750
4.207031
4.210938
3.357422
4.152344
4.226562
4.066406
3.166016
4.000000
2.500000
5.000000
3.000000
3.000000
2.500000
3.843750
4.000000
4.109375
4.421875
3.500000
3.794922
2.500000
4.285156
3.000000
1.000000
1.000000
3.000000
4.500000
3.535156
3.000000
3.750000
2.500000
3.500000
2.500000
4.250000
3.250000
2.666016
3.666016
3.343750
3.000000
2.500000
2.500000
3.000000
2.726562
3.500000
3.250000
3.029297
3.611328
3.605469
3.380859
3.300781
3.261719
3.099609
3.265625
3.400391
3.662109
3.328125
3.177734
3.564453
4.089844
3.250000
3.595703
2.500000
3.113281
3.814453
3.703125
3.222656
3.500000
3.611328
3.523438
3.949219
3.943359
3.863281
2.833984
4.000000
3.865234
3.490234
2.375000
3.000000
3.875000
3.216797
3.619141
3.554688
3.000000
2.000000
1.500000
2.000000
4.000000
3.824219
3.525391
4.226562
3.544922
4.332031
3.000000
4.410156
4.000000
3.500000
3.666016
3.753906
3.750000
4.050781
3.841797
3.972656
3.857422
3.671875
3.687500
3.000000
3.875000
3.500000
3.941406
3.750000
3.359375
4.164062
3.933594
2.628906
3.294922
3.111328
3.919922
3.871094
4.039062
3.769531
3.544922
2.578125
3.324219
3.937500
3.912109
1.750000
3.937500
3.666016
2.427734
3.166016
3.621094
4.000000
3.607422
3.410156
2.726562
3.613281
3.416016
3.312500
3.750000
4.089844
3.656250
3.000000
3.347656
4.222656
4.000000
3.000000
4.437500
4.093750
3.800781
4.000000
3.000000
3.000000
1.000000
4.062500
3.599609
2.500000
1.000000
1.500000
2.000000
3.000000
4.000000
3.580078
4.261719
3.210938
3.000000
4.167969
3.777344
3.769531
4.367188
3.849609
3.666016
4.000000
3.601562
4.000000
3.750000
3.638672
3.500000
3.396484
4.000000
2.099609
3.550781
4.390625
4.257812
3.732422
4.234375
4.207031
4.191406
4.031250
3.923828
3.939453
3.642578
4.304688
4.214844
4.000000
4.179688
4.136719
4.218750
4.058594
4.210938
4.250000
4.203125
3.988281
3.816406
2.900391
4.421875
4.214844
4.253906
3.894531
4.386719
4.035156
4.089844
4.183594
4.156250
3.576172
4.183594
4.351562
4.093750
3.910156
3.849609
4.167969
4.015625
3.783203
3.800781
4.281250
4.148438
3.958984
3.000000
3.835938
4.046875
3.962891
3.851562
3.785156
4.125000
4.238281
3.910156
4.136719
3.824219
4.335938
3.800781
4.300781
3.541016
4.132812
3.812500
4.031250
4.093750
4.261719
3.787109
3.949219
3.865234
4.285156
3.839844
3.886719
4.121094
3.470703
3.945312
4.015625
3.699219
4.101562
3.736328
3.837891
3.427734
4.273438
4.000000
4.085938
3.750000
4.156250
4.042969
3.757812
4.117188
3.984375
3.802734
3.638672
3.890625
4.085938
3.923828
3.583984
4.015625
4.089844
3.978516
3.117188
3.822266
3.375000
3.646484
4.269531
4.050781
3.833984
3.574219
3.933594
4.171875
4.292969
2.857422
3.919922
4.500000
0.500000
5.000000
4.000000
3.181641
3.630859
2.500000
2.250000
1.000000
1.000000
2.666016
3.115234
1.000000
3.000000
3.427734
2.333984
3.500000
3.755859
3.132812
4.000000
3.500000
2.833984
3.298828
3.750000
4.000000
3.058594
3.744141
3.630859
3.675781
3.111328
3.281250
3.808594
4.500000
3.359375
4.000000
3.500000
2.960938
3.974609
2.500000
3.878906
3.945312
3.886719
2.136719
4.152344
3.357422
3.599609
3.960938
2.958984
2.500000
3.287109
3.052734
3.265625
2.779297
3.750000
3.314453
3.500000
3.085938
3.250000
2.822266
3.478516
2.447266
2.000000
4.000000
3.000000
3.777344
2.759766
1.791992
3.500000
2.994141
3.375000
3.697266
3.949219
3.427734
3.617188
3.000000
3.500000
3.500000
3.500000
2.750000
3.033203
3.250000
3.410156
3.617188
2.984375
2.750000
4.160156
3.500000
3.699219
3.500000
3.181641
2.000000
3.599609
5.000000
3.099609
4.250000
2.945312
3.199219
5.000000
3.654297
2.500000
2.722656
3.400391
3.000000
3.500000
2.681641
3.000000
3.375000
2.500000
4.000000
2.000000
3.833984
2.833984
3.878906
5.000000
2.357422
3.000000
5.000000
1.500000
3.050781
3.000000
3.050781
3.333984
2.714844
4.500000
3.699219
4.000000
3.884766
2.333984
4.000000
2.000000
1.666992
4.000000
3.521484
3.072266
3.583984
3.000000
3.277344
3.833984
3.189453
3.187500
3.000000
3.500000
0.750000
4.000000
1.000000
2.833984
3.000000
2.017578
3.968750
3.000000
1.750000
2.666016
4.500000
3.000000
3.333984
3.255859
2.949219
4.000000
3.378906
3.230469
4.000000
1.500000
2.166016
3.677734
3.833984
5.000000
2.500000
3.800781
3.972656
1.000000
2.875000
3.800781
5.000000
2.888672
4.250000
2.500000
2.000000
3.000000
3.263672
3.333984
4.000000
1.652344
2.148438
5.000000
4.500000
3.500000
3.298828
2.500000
1.000000
4.167969
3.451172
5.000000
3.664062
2.000000
3.500000
1.500000
3.728516
2.759766
3.333984
3.087891
3.394531
2.957031
2.699219
2.785156
2.785156
3.427734
1.833008
2.333984
3.351562
3.750000
1.750000
2.125000
3.500000
1.000000
2.400391
3.000000
2.800781
2.250000
3.263672
3.000000
3.896484
4.082031
3.000000
3.000000
3.359375
3.650391
3.535156
4.121094
3.447266
3.375000
3.000000
2.300781
4.000000
3.921875
1.666992
2.863281
3.400391
3.500000
2.500000
3.375000
3.824219
1.000000
3.568359
1.000000
3.773438
2.375000
4.050781
2.517578
3.458984
2.572266
2.666016
3.166016
3.833984
4.000000
3.677734
3.500000
3.500000
3.000000
3.375000
3.000000
3.125000
3.699219
3.250000
2.750000
1.833008
4.000000
3.800781
3.500000
3.666016
3.919922
4.042969
3.097656
3.738281
3.691406
1.888672
3.886719
3.750000
3.400391
3.599609
2.953125
3.681641
3.291016
3.033203
5.000000
3.660156
3.812500
2.000000
3.666016
3.500000
2.906250
2.599609
4.140625
2.222656
3.375000
2.500000
3.000000
3.000000
4.195312
3.332031
3.285156
1.928711
3.000000
4.000000
3.693359
3.900391
1.000000
3.996094
2.000000
3.845703
2.933594
0.750000
2.500000
2.500000
3.457031
3.675781
2.000000
2.927734
3.000000
3.808594
3.000000
3.500000
3.500000
4.500000
1.807617
3.125000
3.000000
2.611328
5.000000
3.132812
3.236328
2.736328
2.666016
3.722656
3.800781
4.250000
3.250000
3.363281
3.750000
4.000000
2.000000
3.833984
2.333984
3.554688
2.818359
3.000000
3.230469
1.500000
2.250000
4.000000
3.533203
3.000000
2.500000
5.000000
3.111328
3.000000
3.000000
0.750000
4.000000
2.134766
2.726562
3.912109
3.390625
2.888672
2.000000
2.250000
2.875000
3.250000
4.000000
4.125000
4.500000
2.699219
3.000000
4.000000
2.400391
3.312500
3.416016
5.000000
4.667969
2.000000
2.312500
2.214844
3.000000
3.166016
3.599609
4.000000
3.654297
3.000000
3.000000
3.146484
3.000000
4.000000
4.000000
2.177734
3.291016
3.625000
3.666016
1.500000
2.666016
2.933594
3.000000
2.000000
3.261719
2.912109
3.072266
3.000000
3.214844
3.699219
3.000000
1.000000
4.500000
3.875000
3.607422
3.222656
4.000000
2.759766
3.757812
3.785156
3.654297
3.677734
3.044922
3.058594
4.000000
2.765625
3.738281
3.666016
3.552734
3.554688
4.250000
2.000000
4.285156
3.000000
2.857422
4.250000
2.750000
5.000000
4.167969
3.875000
4.000000
3.500000
4.000000
4.636719
4.070312
4.417969
4.332031
3.333984
3.925781
4.449219
4.207031
3.988281
4.457031
3.599609
3.908203
3.572266
4.062500
4.023438
3.789062
3.837891
3.886719
3.941406
3.867188
3.800781
4.031250
3.966797
3.625000
4.148438
3.900391
3.687500
3.583984
3.625000
3.982422
2.687500
2.599609
2.666016
2.599609
2.333984
3.087891
1.944336
2.166016
1.666992
2.500000
2.250000
3.000000
2.333984
3.539062
3.187500
1.875000
2.199219
3.500000
2.500000
3.000000
2.000000
3.000000
2.949219
2.000000
2.000000
3.724609
2.375000
1.750000
3.726562
3.500000
2.666016
3.589844
3.210938
2.974609
3.169922
2.572266
3.675781
3.427734
2.000000
1.000000
3.470703
3.980469
3.480469
3.265625
3.177734
3.166016
3.263672
2.500000
3.142578
3.455078
4.277344
3.925781
3.083984
3.423828
3.400391
3.333984
2.884766
3.199219
2.187500
3.945312
4.199219
3.250000
3.000000
3.041016
3.222656
3.000000
2.500000
3.666016
3.562500
3.500000
3.333984
3.333984
2.750000
3.562500
2.250000
3.400391
3.824219
4.000000
3.875000
2.500000
2.833984
3.750000
3.285156
2.353516
2.744141
4.000000
3.500000
3.750000
3.621094
3.222656
3.041016
2.000000
1.000000
4.394531
3.619141
4.070312
3.658203
4.199219
3.777344
4.039062
3.750000
3.052734
4.000000
4.000000
3.833984
4.035156
3.333984
3.738281
3.500000
3.685547
3.679688
2.726562
3.642578
2.937500
3.378906
5.000000
3.630859
2.539062
3.541016
3.677734
4.000000
2.691406
3.554688
3.265625
2.250000
3.699219
3.750000
2.000000
3.699219
3.164062
2.500000
4.285156
3.000000
3.666016
3.478516
3.650391
3.199219
3.691406
3.695312
3.367188
3.308594
3.294922
3.000000
3.652344
3.765625
3.421875
3.923828
3.699219
3.000000
3.166016
2.777344
2.318359
3.150391
3.285156
3.750000
2.804688
3.000000
4.125000
4.500000
4.195312
3.113281
3.138672
3.000000
2.695312
3.800781
4.000000
3.222656
3.677734
3.365234
3.250000
3.367188
3.826172
3.380859
3.166016
1.799805
3.666016
2.000000
3.513672
3.699219
2.250000
2.154297
2.666016
3.300781
3.125000
3.736328
3.302734
2.666016
3.166016
1.000000
3.927734
3.687500
3.310547
3.375000
2.750000
3.000000
3.875000
3.500000
3.437500
3.833984
4.250000
3.554688
3.500000
3.599609
4.000000
3.722656
3.687500
4.261719
4.000000
2.632812
4.000000
2.000000
0.500000
3.203125
3.910156
2.785156
3.000000
4.000000
4.500000
4.363281
4.398438
4.167969
3.500000
3.699219
4.000000
4.070312
4.000000
4.000000
3.500000
4.000000
4.000000
4.000000
4.000000
3.847656
4.117188
2.562500
2.000000
3.333984
3.000000
3.154297
2.833984
3.945312
3.000000
3.560547
2.000000
3.406250
3.935547
3.460938
3.199219
3.539062
2.750000
3.000000
2.400391
4.000000
3.500000
2.500000
2.000000
3.750000
2.705078
3.375000
3.000000
2.000000
2.666016
4.500000
3.861328
2.699219
3.625000
3.699219
3.558594
3.166016
3.000000
3.562500
3.408203
3.500000
3.285156
4.000000
5.000000
3.333984
1.666992
3.500000
3.923828
4.203125
3.250000
3.847656
4.000000
3.273438
4.000000
2.562500
3.039062
4.210938
3.666016
3.552734
4.023438
4.250000
4.500000
2.800781
4.000000
4.000000
3.333984
3.732422
3.857422
3.500000
3.000000
2.785156
4.324219
2.750000
3.625000
3.000000
2.000000
4.023438
3.625000
3.900391
3.500000
4.023438
4.667969
3.777344
3.609375
3.343750
3.308594
3.728516
3.583984
2.500000
3.000000
2.935547
3.000000
4.332031
3.750000
3.072266
3.333984
3.455078
3.773438
3.000000
3.857422
3.777344
3.478516
2.500000
3.609375
3.150391
4.316406
4.132812
3.363281
3.812500
2.750000
3.863281
2.750000
2.800781
3.935547
2.726562
2.666016
2.970703
3.333984
3.375000
2.500000
2.583984
3.187500
2.705078
3.183594
2.500000
2.636719
2.421875
1.833008
1.963867
1.807617
1.708008
3.117188
2.250000
3.000000
3.039062
4.000000
2.691406
3.408203
3.757812
1.849609
3.470703
3.513672
3.962891
3.966797
3.500000
3.658203
2.250000
2.000000
3.642578
2.535156
3.472656
2.230469
3.322266
3.583984
3.208984
2.437500
3.470703
3.072266
2.833984
2.630859
3.130859
3.333984
4.000000
2.714844
3.000000
3.500000
3.000000
3.369141
2.574219
2.236328
3.740234
3.242188
3.599609
3.347656
2.591797
3.000000
3.800781
3.107422
3.900391
3.158203
3.750000
3.000000
3.500000
3.000000
4.000000
3.400391
4.000000
3.000000
4.000000
4.000000
2.625000
1.400391
2.923828
2.000000
2.000000
1.791992
3.833984
3.285156
3.677734
3.394531
2.214844
3.199219
3.000000
3.500000
3.400391
3.250000
2.125000
3.724609
2.500000
4.000000
4.238281
2.966797
3.318359
3.232422
2.613281
3.250000
2.054688
3.824219
3.500000
2.666016
3.257812
2.000000
3.750000
3.250000
2.750000
3.189453
3.000000
3.000000
3.800781
3.562500
3.099609
3.099609
3.500000
4.000000
3.875000
3.308594
1.799805
2.333984
3.500000
2.166016
4.101562
3.916016
3.500000
2.304688
2.750000
1.000000
4.000000
3.027344
2.125000
2.000000
0.750000
3.375000
3.333984
2.000000
3.367188
2.777344
2.408203
2.666016
3.400391
2.699219
3.000000
3.384766
3.302734
3.630859
2.875000
2.666016
3.142578
2.730469
3.000000
2.666016
3.166016
2.000000
3.244141
3.099609
3.126953
4.128906
4.250000
2.375000
1.125000
2.054688
4.167969
3.750000
2.500000
4.398438
3.333984
0.875000
3.166016
2.791016
2.500000
3.000000
3.625000
5.000000
4.667969
3.380859
3.000000
3.000000
1.583008
4.000000
3.500000
4.183594
3.474609
5.000000
2.318359
3.722656
3.000000
3.500000
3.869141
3.042969
3.125000
3.333984
3.500000
4.000000
2.599609
3.000000
3.500000
3.945312
3.800781
2.000000
2.875000
4.042969
3.125000
3.146484
2.927734
3.666016
3.500000
3.500000
3.750000
3.777344
3.599609
3.333984
2.628906
3.285156
3.500000
4.332031
3.375000
3.238281
3.666016
4.000000
4.500000
5.000000
3.199219
3.500000
3.500000
3.000000
3.666016
3.666016
4.000000
5.000000
4.000000
3.000000
3.400391
3.433594
3.197266
2.271484
2.208984
4.109375
5.000000
4.167969
5.000000
5.000000
4.500000
4.500000
2.000000
4.250000
3.000000
3.500000
3.173828
4.000000
4.500000
3.500000
3.361328
3.974609
3.000000
3.333984
4.332031
3.382812
3.083984
4.750000
3.000000
2.750000
3.845703
1.666992
3.000000
4.375000
3.271484
3.818359
3.625000
3.242188
2.833984
4.250000
2.750000
4.199219
3.849609
3.345703
3.599609
2.000000
2.912109
3.500000
2.031250
2.880859
3.666016
3.296875
3.513672
4.000000
2.642578
2.738281
3.626953
2.238281
2.333984
2.666016
3.761719
2.755859
3.460938
2.191406
2.099609
4.417969
2.574219
3.111328
2.810547
3.599609
4.089844
3.500000
3.921875
3.687500
3.333984
3.892578
3.849609
2.333984
3.333984
2.666016
3.750000
2.666016
3.935547
2.666016
3.900391
3.578125
3.035156
2.699219
4.000000
3.750000
3.500000
4.000000
2.666016
3.000000
3.500000
3.857422
4.000000
3.068359
3.773438
4.019531
3.396484
4.167969
4.000000
1.500000
2.333984
3.068359
2.000000
3.000000
4.332031
3.000000
3.000000
3.642578
4.167969
3.000000
3.833984
3.000000
4.000000
2.500000
3.250000
4.089844
2.400391
2.416016
3.820312
3.359375
2.554688
2.875000
3.683594
2.554688
3.832031
2.500000
1.750000
3.000000
3.800781
3.300781
3.300781
4.046875
3.109375
2.455078
2.500000
2.562500
1.500000
3.750000
3.000000
2.500000
1.750000
1.666992
3.800781
4.500000
2.900391
3.000000
2.900391
2.408203
2.500000
3.000000
3.000000
3.000000
3.166016
5.000000
4.000000
2.750000
3.794922
4.667969
3.333984
0.500000
3.945312
3.666016
4.000000
2.000000
2.000000
3.000000
3.666016
3.500000
4.000000
3.400391
3.785156
4.238281
4.000000
3.300781
3.066406
3.125000
3.882812
2.750000
3.750000
3.250000
3.000000
1.000000
3.437500
3.937500
3.812500
4.500000
3.445312
2.666016
3.111328
2.000000
3.699219
5.000000
3.093750
2.166016
3.625000
1.000000
3.500000
2.250000
2.500000
2.591797
3.714844
3.738281
2.750000
2.666016
4.000000
2.000000
5.000000
3.500000
3.666016
3.000000
3.833984
2.375000
1.833008
3.000000
3.642578
2.666016
3.000000
3.898438
3.765625
3.000000
3.345703
3.562500
4.250000
4.007812
3.794922
4.500000
3.500000
3.833984
4.000000
4.582031
4.214844
3.666016
4.500000
3.666016
3.892578
4.000000
4.000000
4.199219
4.250000
4.000000
4.667969
3.000000
3.687500
3.250000
3.216797
2.666016
3.671875
5.000000
3.544922
3.716797
3.640625
3.644531
2.525391
3.894531
3.500000
2.466797
3.500000
4.179688
3.455078
3.625000
3.125000
3.578125
3.400391
3.570312
3.666016
3.666016
4.101562
2.500000
4.179688
1.500000
4.000000
3.546875
3.000000
3.187500
2.000000
5.000000
5.000000
4.000000
5.000000
3.595703
2.763672
3.666016
4.000000
3.527344
3.294922
3.625000
4.000000
3.558594
1.968750
3.000000
3.957031
4.000000
4.132812
2.000000
3.750000
1.000000
2.615234
2.882812
3.867188
4.179688
3.500000
4.500000
3.699219
2.500000
3.333984
3.732422
3.099609
3.822266
3.833984
3.613281
5.000000
4.250000
3.666016
3.000000
2.750000
3.500000
4.167969
3.000000
3.572266
3.621094
3.757812
4.410156
4.000000
4.167969
5.000000
3.625000
3.416016
3.000000
2.333984
1.000000
3.875000
3.000000
2.666016
1.000000
3.500000
3.181641
3.322266
2.800781
2.572266
3.500000
3.500000
3.927734
3.591797
4.089844
3.427734
2.666016
3.349609
4.000000
4.031250
4.000000
3.908203
4.226562
3.662109
3.833984
3.500000
2.750000
4.054688
3.750000
3.927734
3.625000
3.138672
4.199219
4.000000
3.316406
4.261719
4.042969
3.166016
4.101562
3.072266
2.666016
4.066406
3.900391
3.708984
3.642578
2.611328
3.589844
3.673828
3.900391
3.000000
3.964844
3.841797
3.666016
3.359375
3.634766
4.000000
3.666016
4.222656
5.000000
2.025391
3.843750
3.666016
4.000000
3.500000
3.500000
3.000000
3.500000
3.000000
3.300781
2.833984
3.250000
4.000000
2.541016
4.000000
4.207031
3.945312
3.000000
3.000000
4.000000
3.625000
3.599609
4.000000
2.500000
3.166016
2.500000
3.921875
3.244141
4.000000
3.976562
4.144531
3.408203
2.972656
3.074219
3.500000
3.382812
3.693359
3.000000
3.714844
5.000000
4.000000
4.437500
3.720703
3.345703
4.250000
2.939453
3.300781
3.507812
3.500000
3.166016
3.636719
3.226562
2.000000
3.833984
3.312500
3.500000
3.191406
3.625000
3.500000
3.388672
1.000000
4.000000
3.681641
3.949219
3.250000
3.953125
3.666016
4.300781
4.074219
5.000000
3.833984
3.857422
3.000000
2.750000
3.000000
1.750000
3.615234
4.000000
3.849609
4.000000
5.000000
4.000000
3.599609
3.691406
4.000000
3.750000
3.750000
2.599609
4.000000
3.000000
2.000000
4.000000
2.500000
3.500000
2.375000
3.607422
4.500000
3.964844
3.054688
2.367188
3.412109
2.750000
3.849609
3.949219
3.392578
3.136719
3.447266
3.531250
2.724609
2.857422
3.132812
3.824219
3.666016
3.291016
3.378906
2.867188
4.101562
3.250000
3.572266
1.799805
2.625000
3.681641
3.367188
3.312500
2.814453
3.455078
3.523438
1.000000
5.000000
4.000000
3.500000
3.017578
2.166016
3.375000
4.000000
3.500000
2.500000
3.562500
3.378906
2.250000
3.269531
3.210938
4.000000
1.000000
3.333984
4.375000
4.000000
3.500000
4.250000
4.437500
3.500000
2.500000
2.226562
3.843750
3.000000
4.500000
2.072266
3.000000
2.333984
3.000000
3.724609
4.000000
3.927734
4.000000
3.781250
1.000000
3.000000
2.666016
3.750000
4.000000
2.500000
3.500000
4.082031
4.000000
3.750000
3.000000
2.267578
3.708984
4.750000
3.750000
4.132812
3.759766
3.806641
4.085938
4.066406
3.927734
3.785156
4.375000
4.000000
3.750000
3.500000
3.416016
2.500000
4.167969
2.666016
3.822266
3.400391
2.388672
1.500000
3.333984
2.400391
2.000000
3.000000
2.800781
3.900391
3.449219
3.500000
3.000000
2.000000
2.000000
4.000000
3.083984
3.562500
4.125000
3.552734
3.000000
3.687500
4.000000
3.250000
4.332031
3.533203
3.691406
3.804688
3.437500
4.000000
3.734375
3.000000
3.416016
1.500000
3.000000
4.000000
2.572266
2.500000
1.000000
4.000000
4.156250
2.562500
5.000000
2.972656
2.500000
1.599609
2.750000
2.500000
2.875000
2.833984
3.000000
5.000000
3.660156
3.500000
3.208984
3.666016
3.052734
3.000000
4.000000
4.500000
3.833984
4.000000
3.000000
3.230469
4.359375
1.000000
4.000000
3.400391
3.853516
4.109375
4.542969
4.375000
3.902344
4.000000
4.125000
3.937500
3.550781
3.333984
3.476562
3.714844
3.960938
3.250000
2.636719
3.000000
3.117188
3.000000
4.000000
4.000000
3.345703
4.000000
3.500000
3.000000
3.923828
3.876953
3.000000
3.875000
4.250000
3.599609
4.093750
3.908203
3.625000
3.808594
4.000000
3.333984
3.560547
2.000000
3.552734
3.285156
3.400391
3.062500
2.000000
3.500000
2.666016
3.908203
2.000000
3.853516
3.400391
3.587891
3.566406
2.677734
3.611328
2.000000
2.937500
3.244141
3.500000
2.833984
3.666016
4.167969
3.000000
3.976562
3.666016
3.750000
3.843750
3.375000
3.968750
3.416016
3.666016
3.912109
3.425781
4.000000
3.666016
2.878906
3.583984
3.500000
3.333984
4.000000
1.500000
2.136719
3.363281
3.318359
2.000000
3.000000
3.357422
2.699219
1.500000
2.250000
0.750000
5.000000
4.000000
3.500000
3.966797
2.333984
5.000000
4.000000
3.625000
4.000000
4.000000
2.833984
3.304688
1.210938
3.750000
1.000000
3.833984
3.750000
3.250000
2.000000
3.800781
1.500000
4.109375
3.257812
4.250000
3.000000
5.000000
3.000000
3.234375
3.039062
2.500000
3.082031
3.250000
3.000000
3.000000
3.500000
4.000000
2.968750
3.210938
3.833984
4.332031
4.000000
4.046875
4.000000
3.666016
3.416016
3.750000
4.000000
3.564453
3.500000
3.250000
3.500000
1.875000
3.136719
4.101562
4.039062
4.500000
5.000000
4.500000
3.000000
3.000000
3.500000
3.000000
3.000000
3.000000
3.000000
4.000000
3.384766
2.666016
3.935547
3.562500
3.500000
3.166016
3.544922
3.535156
4.312500
3.400391
4.625000
3.833984
3.785156
2.714844
4.292969
3.888672
3.599609
3.574219
3.500000
2.916016
2.000000
2.000000
2.500000
3.500000
3.099609
2.333984
2.500000
4.332031
2.869141
3.187500
3.455078
3.666016
3.312500
3.828125
3.792969
3.316406
2.722656
3.642578
3.050781
3.166016
2.666016
3.000000
3.416016
3.750000
3.000000
3.000000
3.500000
2.777344
3.000000
2.000000
3.500000
1.750000
3.900391
4.117188
3.125000
2.500000
3.500000
3.572266
4.332031
4.304688
4.000000
3.333984
3.714844
3.625000
4.035156
3.642578
5.000000
3.599609
4.667969
3.158203
3.884766
3.781250
3.500000
2.691406
3.304688
5.000000
3.285156
3.429688
2.767578
3.292969
2.166016
2.953125
5.000000
3.500000
3.500000
3.500000
3.500000
3.427734
2.099609
2.000000
3.333984
3.000000
3.199219
3.333984
3.250000
2.500000
2.250000
3.000000
2.250000
2.000000
3.927734
3.000000
2.582031
3.199219
3.750000
3.732422
4.398438
4.000000
3.541016
4.332031
3.558594
3.400391
4.500000
3.076172
1.750000
2.000000
3.632812
2.500000
3.500000
4.000000
2.666016
3.199219
3.345703
2.500000
3.945312
3.273438
2.833984
4.117188
3.666016
3.699219
1.000000
2.250000
1.750000
3.125000
2.300781
2.925781
2.183594
2.666016
2.000000
3.500000
3.000000
3.166016
3.000000
2.833984
3.500000
5.000000
2.000000
1.000000
4.000000
2.333984
3.500000
3.599609
5.000000
3.000000
3.000000
4.000000
4.000000
5.000000
3.666016
4.000000
3.750000
2.125000
3.333984
3.750000
3.000000
3.035156
2.955078
2.125000
2.833984
3.871094
3.445312
3.000000
3.949219
4.332031
3.773438
2.500000
2.800781
5.000000
4.000000
2.875000
0.500000
3.000000
3.166016
1.500000
3.000000
1.000000
3.000000
2.808594
1.250000
3.187500
3.888672
3.000000
2.500000
4.500000
3.333984
4.500000
4.000000
2.900391
5.000000
3.804688
3.763672
3.500000
3.333984
4.167969
3.859375
3.544922
3.000000
2.666016
3.500000
2.500000
3.000000
4.000000
3.000000
3.875000
3.000000
3.599609
3.400391
3.945312
3.400391
3.250000
0.500000
4.000000
3.000000
2.500000
4.000000
3.000000
3.000000
4.000000
3.000000
4.000000
4.000000
2.285156
5.000000
3.443359
3.869141
3.666016
3.500000
4.000000
2.333984
2.750000
2.000000
2.125000
3.437500
3.000000
2.666016
2.250000
3.437500
3.000000
3.000000
4.750000
3.708984
2.470703
2.957031
3.833984
4.000000
3.544922
2.900391
2.625000
4.000000
2.728516
3.050781
1.861328
3.250000
2.416016
4.250000
3.435547
3.000000
2.775391
2.949219
2.757812
4.101562
1.250000
1.818359
3.375000
3.031250
3.298828
3.855469
1.900391
2.750000
2.525391
3.000000
2.000000
3.375000
3.000000
3.400391
3.500000
3.900391
3.646484
4.000000
3.226562
4.035156
2.500000
3.777344
2.658203
3.500000
4.046875
3.125000
3.423828
3.136719
3.833984
3.468750
3.142578
3.375000
2.792969
1.000000
3.875000
3.466797
3.125000
2.375000
3.888672
3.910156
4.000000
3.099609
4.125000
3.308594
2.388672
3.455078
3.250000
3.500000
2.000000
4.000000
3.500000
3.000000
0.500000
2.687500
2.000000
3.357422
2.875000
3.500000
4.000000
3.199219
3.214844
3.000000
3.445312
1.666992
3.250000
2.480469
1.000000
5.000000
4.000000
4.000000
2.800781
3.000000
1.000000
2.964844
3.675781
4.250000
5.000000
3.000000
2.812500
3.199219
2.500000
4.500000
3.000000
4.500000
3.833984
4.070312
0.750000
3.646484
3.000000
4.000000
2.000000
3.833984
5.000000
3.000000
3.400391
3.583984
3.455078
4.000000
3.000000
1.666992
2.833984
3.925781
2.699219
4.000000
3.208984
3.333984
3.500000
2.000000
2.000000
5.000000
3.750000
2.500000
1.666992
4.000000
2.500000
3.060547
2.437500
4.500000
2.833984
3.000000
2.000000
1.250000
2.250000
3.066406
1.000000
3.250000
2.437500
3.166016
4.500000
4.000000
3.500000
3.800781
3.000000
3.666016
3.916016
4.332031
4.000000
4.000000
3.000000
3.833984
4.000000
3.599609
3.937500
3.750000
4.500000
4.000000
3.666016
3.500000
4.000000
4.000000
3.000000
3.500000
5.000000
2.125000
3.333984
2.000000
1.000000
3.300781
3.857422
3.300781
3.500000
3.107422
1.000000
3.833984
3.699219
4.000000
3.500000
3.666016
3.000000
3.000000
3.689453
2.250000
3.544922
4.226562
3.150391
3.250000
3.250000
2.785156
2.500000
3.166016
4.183594
3.500000
3.500000
3.205078
3.486328
2.500000
3.472656
2.449219
2.500000
4.000000
5.000000
2.400391
1.713867
3.703125
4.332031
0.833496
3.000000
3.333984
2.000000
2.734375
3.333984
4.332031
2.500000
2.785156
3.000000
4.000000
3.300781
3.000000
3.750000
3.000000
3.333984
3.000000
3.000000
2.445312
3.857422
2.500000
3.500000
2.750000
4.000000
3.750000
3.339844
2.500000
5.000000
4.300781
2.333984
3.847656
3.636719
2.869141
3.875000
2.000000
2.800781
2.875000
3.000000
3.464844
3.654297
3.000000
4.089844
3.822266
3.500000
2.000000
3.000000
3.500000
3.000000
4.750000
3.625000
2.500000
5.000000
2.724609
2.923828
3.250000
3.500000
4.500000
1.000000
3.382812
3.666016
4.000000
4.000000
2.500000
3.916016
3.857422
3.250000
3.000000
3.810547
3.333984
2.843750
2.000000
3.287109
2.927734
2.000000
3.054688
4.000000
3.576172
3.833984
3.000000
2.833984
4.167969
1.333008
2.666016
2.289062
3.500000
3.000000
4.000000
2.000000
2.333984
3.500000
3.000000
1.000000
4.000000
2.000000
3.000000
3.000000
4.500000
3.863281
4.500000
2.400391
4.000000
3.000000
3.500000
3.500000
2.500000
3.125000
4.500000
3.427734
4.000000
4.277344
5.000000
3.785156
2.250000
4.125000
4.000000
3.666016
2.333984
5.000000
4.125000
4.000000
1.750000
3.025391
2.990234
3.250000
4.000000
2.500000
2.599609
2.000000
4.000000
3.750000
5.000000
3.000000
3.599609
3.785156
5.000000
3.615234
4.000000
4.500000
0.500000
4.000000
2.666016
4.000000
1.000000
3.583984
4.000000
3.000000
2.500000
2.500000
2.500000
2.000000
2.875000
3.625000
3.000000
2.000000
2.625000
4.000000
2.875000
3.000000
4.000000
3.476562
4.500000
3.000000
1.166992
3.000000
3.375000
3.300781
3.250000
2.500000
3.250000
3.500000
4.750000
3.400391
2.666016
4.000000
5.000000
3.500000
4.000000
2.500000
3.000000
2.000000
2.500000
1.250000
1.500000
3.800781
3.750000
3.800781
4.250000
1.000000
3.000000
3.000000
3.000000
2.000000
3.072266
3.800781
2.000000
4.125000
4.167969
2.000000
3.333984
2.908203
1.000000
3.000000
4.000000
3.000000
2.800781
2.687500
5.000000
3.500000
5.000000
4.000000
1.000000
4.167969
3.462891
3.000000
4.000000
4.000000
2.000000
5.000000
3.750000
2.642578
4.000000
3.500000
5.000000
1.000000
2.000000
4.000000
3.000000
2.166016
1.000000
2.000000
4.000000
3.000000
4.750000
2.833984
1.000000
3.875000
5.000000
2.900391
3.250000
2.642578
3.000000
3.521484
2.000000
2.250000
5.000000
2.666016
3.625000
2.000000
3.000000
5.000000
3.000000
2.000000
2.484375
2.607422
2.500000
3.666016
4.000000
2.875000
3.500000
4.500000
2.750000
2.500000
1.750000
3.000000
3.800781
4.000000
4.000000
3.900391
3.500000
4.000000
3.625000
1.250000
2.000000
3.250000
2.750000
1.000000
2.000000
2.833984
2.750000
3.562500
3.300781
2.000000
3.611328
3.666016
0.500000
1.750000
1.000000
4.000000
2.250000
2.500000
3.000000
4.750000
3.375000
4.000000
3.500000
3.138672
3.154297
3.500000
3.500000
3.750000
4.000000
3.500000
3.500000
5.000000
0.000000
3.199219
2.000000
1.000000
5.000000
2.871094
2.750000
3.490234
2.500000
4.332031
3.900391
5.000000
4.500000
2.333984
2.937500
5.000000
2.666016
4.000000
3.242188
2.000000
1.000000
2.750000
4.000000
2.000000
4.500000
3.750000
2.099609
1.500000
1.500000
1.750000
1.500000
4.000000
3.750000
0.500000
4.000000
5.000000
1.833008
2.357422
3.500000
0.000000
3.500000
4.000000
3.000000
2.750000
3.000000
3.000000
4.000000
3.875000
3.250000
1.000000
3.310547
2.500000
4.667969
2.375000
3.785156
5.000000
2.750000
3.500000
5.000000
3.500000
3.785156
3.750000
4.500000
4.082031
3.083984
3.000000
3.750000
3.800781
4.000000
4.000000
3.000000
3.273438
3.500000
3.228516
2.000000
4.332031
5.000000
3.210938
3.500000
3.500000
3.000000
3.000000
4.000000
2.500000
3.187500
3.000000
2.250000
2.000000
4.000000
3.035156
3.750000
3.705078
3.000000
4.000000
2.000000
3.478516
3.500000
1.000000
4.500000
3.000000
4.000000
3.425781
2.800781
3.699219
4.089844
3.208984
1.000000
1.125000
4.027344
3.812500
3.650391
2.250000
3.884766
3.000000
3.625000
3.642578
2.761719
3.000000
2.500000
3.656250
3.000000
3.125000
3.250000
3.519531
3.000000
4.101562
3.000000
3.500000
4.148438
3.000000
4.250000
3.166016
4.000000
2.000000
4.500000
4.000000
2.699219
5.000000
3.125000
3.000000
3.500000
3.072266
5.000000
3.250000
1.500000
2.000000
2.642578
2.500000
2.800781
3.000000
4.000000
2.958984
4.000000
3.000000
3.880859
4.500000
3.900391
3.945312
2.750000
3.599609
3.722656
3.500000
3.250000
4.097656
2.923828
3.013672
3.000000
3.333984
3.599609
3.753906
3.099609
4.250000
1.000000
3.000000
3.000000
2.500000
3.333984
2.800781
4.183594
3.550781
3.951172
2.500000
3.000000
4.000000
3.500000
3.500000
2.750000
3.000000
3.000000
3.687500
3.083984
3.724609
1.500000
3.361328
3.427734
3.277344
2.250000
4.667969
3.000000
3.400391
4.000000
4.000000
2.750000
2.900391
2.750000
4.500000
2.000000
3.500000
4.000000
2.000000
3.500000
3.000000
1.000000
3.000000
3.500000
2.000000
2.300781
3.468750
3.250000
3.250000
3.666016
3.250000
4.000000
2.000000
4.500000
3.746094
1.666992
5.000000
2.000000
3.826172
2.572266
3.099609
3.750000
5.000000
2.333984
3.500000
3.500000
4.000000
3.500000
3.000000
2.750000
3.250000
4.000000
3.166016
3.000000
4.500000
3.000000
2.166016
1.000000
3.666016
3.000000
3.750000
3.000000
3.666016
5.000000
4.000000
3.880859
3.750000
2.250000
3.500000
3.900391
3.500000
3.181641
3.000000
4.601562
0.500000
4.000000
3.333984
4.500000
4.000000
2.000000
2.666016
2.333984
3.500000
3.625000
4.500000
3.500000
3.000000
4.000000
3.636719
4.125000
2.884766
3.750000
3.000000
3.599609
4.000000
4.000000
3.666016
4.000000
4.000000
0.000000
2.833984
2.166016
2.500000
4.000000
3.000000
3.000000
3.500000
2.500000
4.000000
3.666016
4.000000
3.000000
2.000000
4.000000
3.500000
4.000000
3.500000
3.750000
3.396484
3.000000
2.599609
3.583984
1.000000
1.000000
3.980469
3.500000
1.000000
5.000000
4.000000
4.000000
4.000000
4.000000
4.000000
1.000000
2.750000
4.750000
1.500000
1.500000
4.000000
5.000000
1.500000
2.500000
1.250000
3.500000
2.841797
2.375000
2.000000
4.000000
5.000000
3.125000
3.216797
3.375000
3.857422
4.000000
3.250000
4.000000
2.000000
0.500000
1.833008
3.166016
2.955078
3.000000
4.000000
0.000000
3.968750
3.750000
3.199219
2.949219
2.687500
4.000000
3.333984
3.363281
4.000000
5.000000
3.500000
2.849609
3.000000
3.500000
3.000000
3.078125
2.812500
3.375000
2.044922
3.000000
3.083984
4.000000
1.625000
4.000000
4.000000
3.833984
4.000000
2.833984
2.000000
3.666016
3.312500
4.250000
2.000000
3.000000
4.000000
3.833984
3.500000
3.521484
1.000000
2.000000
3.250000
0.500000
3.500000
3.000000
2.500000
3.500000
1.000000
3.416016
3.500000
1.000000
4.167969
3.500000
3.500000
3.750000
3.644531
3.103516
4.250000
4.000000
3.599609
4.000000
4.000000
3.750000
3.300781
3.326172
3.166016
4.000000
1.000000
4.250000
3.087891
3.445312
3.500000
1.500000
0.500000
3.750000
3.416016
1.500000
3.000000
3.880859
2.125000
2.666016
3.500000
4.500000
2.000000
5.000000
3.000000
2.750000
3.500000
2.833984
4.500000
2.000000
3.880859
3.687500
4.250000
3.166016
2.500000
2.736328
2.500000
1.833008
1.000000
3.072266
3.875000
1.666992
2.843750
3.394531
1.000000
3.400391
3.000000
5.000000
4.500000
3.250000
2.500000
3.072266
3.099609
2.910156
3.599609
3.416016
4.250000
4.750000
3.958984
3.000000
3.166016
1.000000
1.812500
3.583984
3.375000
2.478516
3.300781
3.500000
1.000000
1.000000
4.500000
0.500000
4.125000
1.799805
3.000000
4.000000
2.666016
3.183594
2.500000
2.500000
4.000000
1.000000
3.000000
3.000000
3.750000
2.955078
3.500000
3.500000
2.500000
1.000000
2.500000
4.500000
4.000000
2.000000
2.000000
3.166016
3.000000
3.000000
2.666016
2.500000
3.087891
1.000000
3.291016
2.500000
2.000000
1.000000
2.500000
2.500000
3.500000
2.500000
3.000000
3.875000
4.167969
4.000000
4.000000
4.500000
4.082031
2.333984
3.333984
4.000000
3.250000
1.500000
3.400391
4.136719
3.500000
3.091797
2.500000
4.500000
2.333984
3.400391
4.000000
3.759766
4.000000
4.500000
3.000000
1.500000
3.000000
4.000000
4.000000
2.500000
2.750000
3.500000
3.000000
3.599609
3.000000
3.500000
4.250000
3.000000
2.083984
3.250000
3.599609
3.914062
4.125000
0.500000
3.521484
3.000000
3.000000
2.000000
3.427734
3.699219
3.750000
2.000000
3.500000
3.599609
4.000000
4.000000
2.500000
3.136719
2.250000
4.000000
4.000000
0.750000
3.000000
3.250000
3.099609
2.500000
3.500000
2.500000
3.000000
4.000000
2.500000
4.500000
2.500000
3.000000
2.500000
2.000000
4.000000
4.000000
4.500000
3.714844
2.833984
2.000000
5.000000
3.500000
4.500000
3.000000
4.000000
2.500000
2.000000
3.625000
4.066406
2.400391
3.318359
2.000000
1.000000
3.960938
2.699219
3.500000
3.250000
4.250000
4.167969
2.000000
2.000000
2.750000
3.250000
4.167969
1.000000
3.660156
4.000000
3.500000
3.833984
4.000000
4.000000
5.000000
3.000000
3.500000
0.750000
3.000000
3.000000
4.000000
4.000000
4.000000
2.000000
4.000000
4.000000
3.000000
0.500000
3.166016
4.000000
1.000000
2.500000
0.500000
5.000000
3.500000
4.000000
4.000000
3.097656
3.500000
1.750000
2.000000
3.949219
3.906250
2.000000
0.750000
2.437500
3.000000
2.000000
4.500000
3.000000
3.666016
4.000000
2.388672
2.500000
3.773438
3.728516
2.500000
1.000000
3.000000
4.250000
4.250000
1.500000
3.000000
2.750000
3.000000
2.500000
3.833984
4.000000
3.000000
2.250000
3.400391
2.000000
2.500000
2.533203
2.949219
3.250000
3.750000
3.833984
4.062500
3.574219
3.625000
3.671875
2.566406
2.000000
3.375000
5.000000
3.500000
1.750000
3.500000
3.000000
2.500000
3.500000
2.000000
3.599609
4.230469
3.500000
4.000000
0.000000
3.000000
3.250000
3.968750
3.646484
3.833984
3.000000
3.500000
4.132812
3.000000
4.000000
3.625000
4.250000
1.000000
3.500000
1.000000
1.375000
1.000000
4.296875
4.500000
4.000000
3.500000
3.333984
3.250000
4.250000
5.000000
4.500000
3.000000
3.500000
1.666992
4.000000
3.500000
3.500000
4.000000
1.833008
2.445312
3.072266
2.750000
3.800781
4.250000
3.500000
4.000000
4.500000
3.250000
3.000000
3.500000
2.000000
4.125000
2.750000
3.000000
2.500000
4.000000
2.000000
3.949219
3.000000
5.000000
0.500000
3.500000
2.833984
4.500000
4.500000
4.500000
4.000000
3.000000
4.000000
4.000000
2.250000
3.500000
4.500000
3.500000
2.000000
3.000000
1.000000
3.132812
3.199219
2.482422
1.500000
2.000000
5.000000
4.000000
3.400391
3.500000
2.000000
4.000000
3.500000
4.101562
2.000000
2.000000
4.332031
3.500000
4.000000
3.500000
3.500000
3.500000
2.000000
2.500000
4.000000
4.250000
2.642578
3.285156
3.916016
3.833984
3.699219
3.390625
2.750000
2.833984
3.000000
2.500000
3.250000
0.000000
3.500000
3.500000
3.833984
2.750000
3.000000
4.000000
3.666016
2.833984
3.000000
3.000000
3.345703
3.000000
4.250000
3.250000
4.000000
2.000000
2.333984
1.875000
4.101562
3.500000
1.500000
3.250000
4.000000
2.900391
2.500000
3.000000
4.500000
3.000000
4.144531
4.167969
4.832031
3.000000
4.000000
3.410156
3.687500
0.500000
4.125000
2.347656
2.750000
3.300781
2.875000
4.000000
3.523438
3.187500
0.500000
3.666016
2.000000
3.000000
1.000000
3.333984
3.250000
4.000000
2.750000
2.250000
1.750000
3.199219
2.500000
2.833984
3.609375
4.000000
2.000000
3.875000
5.000000
3.617188
1.500000
3.833984
2.250000
4.000000
3.500000
5.000000
3.500000
3.199219
2.000000
2.000000
4.066406
3.750000
3.500000
3.166016
3.833984
3.267578
2.888672
4.500000
5.000000
3.833984
3.099609
4.750000
3.802734
3.527344
2.750000
4.046875
1.916992
3.500000
3.705078
3.500000
4.000000
3.750000
2.666016
3.250000
3.500000
4.500000
3.000000
3.000000
3.750000
3.500000
3.500000
1.500000
3.500000
4.500000
3.333984
3.750000
1.250000
1.000000
4.000000
4.000000
2.699219
3.500000
3.000000
3.500000
3.833984
3.583984
3.935547
3.500000
3.500000
4.500000
3.333984
4.000000
2.833984
3.900391
3.500000
3.000000
4.000000
4.398438
2.250000
4.500000
3.250000
4.000000
2.500000
3.000000
3.750000
2.000000
3.000000
3.333984
3.625000
1.250000
3.500000
3.250000
2.000000
3.808594
2.021484
4.000000
4.000000
3.000000
0.500000
0.000000
4.000000
3.000000
2.500000
3.000000
2.833984
3.500000
3.500000
4.125000
1.000000
3.599609
2.375000
2.166016
4.500000
3.000000
3.699219
3.855469
2.849609
1.000000
3.181641
2.500000
3.849609
4.000000
3.875000
3.500000
2.583984
3.820312
0.500000
2.750000
4.000000
3.000000
3.166016
2.833984
2.000000
3.000000
1.000000
3.833984
2.666016
2.427734
2.449219
2.875000
5.000000
3.500000
1.000000
4.000000
3.000000
3.250000
4.500000
4.101562
2.250000
2.166016
3.833984
3.687500
3.646484
2.000000
3.000000
3.500000
4.000000
3.750000
3.125000
4.250000
3.666016
4.250000
0.500000
3.000000
3.333984
4.101562
2.400391
3.423828
3.833984
3.687500
3.500000
3.500000
4.109375
4.750000
0.500000
3.000000
2.333984
3.500000
0.000000
2.500000
2.166016
3.500000
1.500000
3.500000
2.000000
2.500000
3.750000
3.150391
3.333984
3.818359
3.833984
4.000000
3.750000
3.750000
3.500000
3.916016
5.000000
2.500000
3.500000
3.250000
4.250000
3.250000
2.500000
3.599609
3.250000
3.000000
0.500000
3.400391
3.191406
3.277344
4.000000
3.500000
4.000000
2.166016
3.250000
3.333984
3.750000
5.000000
4.250000
1.000000
2.500000
3.923828
3.785156
4.375000
3.945312
3.750000
4.250000
4.000000
4.000000
3.199219
3.750000
4.125000
2.250000
3.625000
3.800781
3.125000
2.166016
3.982422
2.250000
3.000000
3.000000
4.000000
3.000000
4.054688
2.375000
2.333984
2.875000
2.500000
2.250000
3.000000
4.000000
4.250000
3.000000
3.000000
1.000000
2.500000
4.000000
4.000000
0.000000
3.125000
4.000000
3.500000
3.166016
3.500000
4.125000
3.500000
3.363281
3.250000
3.500000
3.529297
3.750000
3.576172
3.833984
4.125000
3.619141
0.500000
3.107422
3.820312
1.000000
4.000000
3.199219
2.666016
3.550781
4.500000
4.000000
1.000000
3.000000
2.416016
2.400391
3.349609
2.500000
3.357422
3.500000
4.000000
3.833984
2.500000
3.750000
5.000000
4.500000
3.250000
3.500000
3.750000
3.037109
3.833984
3.166016
4.000000
3.582031
3.136719
3.666016
3.455078
2.500000
2.333984
3.333984
3.316406
4.250000
3.500000
2.500000
4.000000
3.250000
4.000000
3.500000
3.500000
3.500000
4.000000
4.101562
3.800781
3.250000
3.300781
3.621094
2.500000
3.166016
3.500000
4.300781
4.101562
4.000000
3.166016
4.000000
3.500000
3.000000
3.800781
1.000000
2.199219
3.000000
3.500000
2.900391
3.500000
4.500000
3.000000
2.884766
1.500000
3.333984
2.900391
3.000000
3.750000
3.500000
2.000000
3.949219
1.000000
3.000000
3.000000
4.000000
3.769531
3.000000
4.000000
4.000000
2.000000
3.900391
4.000000
3.000000
3.699219
2.875000
3.666016
3.500000
2.500000
4.250000
3.416016
3.500000
2.857422
4.000000
3.500000
4.000000
3.500000
3.875000
3.000000
3.500000
3.062500
3.833984
3.500000
4.332031
3.857422
3.000000
3.000000
3.250000
4.250000
3.750000
3.250000
4.000000
3.800781
4.500000
4.500000
2.833984
3.500000
3.500000
3.500000
5.000000
4.000000
2.500000
3.625000
3.500000
3.000000
5.000000
4.250000
4.082031
3.863281
4.109375
0.500000
2.500000
4.000000
4.101562
3.000000
2.375000
2.625000
3.333984
1.500000
3.000000
4.500000
3.750000
4.699219
3.000000
3.750000
3.750000
3.750000
3.500000
4.500000
4.000000
3.500000
4.000000
3.625000
4.250000
4.000000
3.853516
3.000000
3.644531
3.828125
3.208984
2.300781
3.750000
4.000000
4.128906
3.437500
3.250000
4.000000
3.300781
3.562500
2.572266
3.281250
2.949219
3.333984
3.500000
3.000000
4.000000
2.345703
4.000000
3.500000
4.000000
4.000000
3.000000
3.500000
1.500000
4.000000
2.000000
3.500000
3.500000
3.000000
3.000000
1.000000
0.500000
4.000000
3.000000
5.000000
3.666016
3.833984
4.500000
4.000000
4.000000
3.166016
3.750000
4.000000
3.000000
3.166016
2.500000
3.900391
4.000000
3.000000
4.000000
0.000000
1.000000
3.400391
3.000000
2.000000
3.468750
2.357422
4.199219
2.250000
1.500000
5.000000
3.863281
3.833984
3.250000
2.500000
0.500000
1.750000
3.937500
3.275391
2.166016
4.000000
4.000000
5.000000
3.500000
2.500000
4.000000
3.250000
4.000000
3.000000
0.500000
2.000000
2.666016
3.187500
3.041016
3.000000
4.000000
3.714844
3.500000
2.500000
3.833984
3.166016
0.000000
4.500000
1.500000
3.269531
3.166016
3.357422
4.500000
4.000000
3.000000
5.000000
3.750000
2.500000
3.400391
4.121094
3.375000
2.166016
2.500000
2.250000
3.875000
3.000000
3.285156
4.000000
4.332031
2.333984
4.000000
4.000000
2.666016
3.500000
4.000000
3.599609
3.000000
3.500000
4.101562
2.500000
2.000000
2.500000
3.875000
3.000000
3.666016
2.785156
2.853516
3.390625
0.500000
2.750000
2.000000
3.517578
3.000000
2.843750
4.500000
3.187500
4.750000
3.142578
4.000000
3.375000
4.000000
3.833984
3.333984
3.000000
3.800781
4.386719
3.166016
3.250000
3.375000
5.000000
4.625000
3.726562
3.500000
4.000000
3.500000
3.072266
5.000000
2.250000
2.833984
3.500000
3.375000
2.000000
4.000000
4.000000
3.000000
3.583984
3.750000
3.750000
3.833984
4.000000
4.000000
4.000000
4.500000
1.000000
4.000000
3.000000
4.417969
3.500000
4.125000
4.750000
1.666992
3.500000
3.500000
3.583984
2.500000
3.500000
3.750000
4.250000
3.625000
3.750000
3.250000
3.500000
3.500000
4.125000
1.000000
3.000000
3.000000
4.070312
4.250000
4.500000
5.000000
3.500000
3.500000
3.500000
4.500000
2.000000
4.000000
2.833984
3.333984
4.199219
3.500000
3.666016
3.750000
3.750000
1.500000
3.500000
2.500000
4.000000
3.500000
4.000000
4.500000
3.666016
4.000000
3.833984
3.666016
3.750000
3.583984
3.833984
2.833984
3.199219
3.500000
4.000000
3.000000
2.500000
2.500000
4.500000
3.500000
2.500000
3.000000
3.500000
4.500000
2.000000
4.000000
3.500000
3.000000
3.166016
4.000000
3.500000
3.500000
4.500000
3.500000
3.000000
2.500000
4.500000
3.250000
4.500000
5.000000
3.583984
4.000000
4.500000
3.500000
3.000000
4.125000
3.000000
4.125000
4.000000
1.500000
4.000000
4.000000
2.500000
3.500000
3.500000
3.833984
3.900391
3.357422
4.167969
3.166016
3.375000
3.500000
3.500000
3.000000
2.833984
3.000000
2.000000
3.333984
3.500000
3.500000
3.300781
4.375000
3.583984
3.500000
2.250000
4.000000
3.000000
3.250000
3.927734
3.750000
2.500000
3.000000
3.500000
2.750000
4.000000
2.750000
5.000000
5.000000
4.332031
4.500000
3.625000
1.750000
3.000000
4.167969
4.453125
1.500000
0.500000
2.000000
1.750000
4.000000
3.500000
3.500000
4.062500
3.687500
3.500000
2.250000
3.142578
4.125000
3.500000
4.332031
4.000000
3.000000
4.000000
2.750000
2.833984
2.500000
3.666016
4.750000
4.199219
5.000000
3.625000
4.101562
4.000000
0.000000
4.500000
5.000000
3.500000
5.000000
4.000000
3.000000
5.000000
3.500000
4.332031
2.500000
3.500000
2.750000
4.000000
2.666016
0.500000
4.250000
3.500000
3.500000
3.500000
3.666016
3.833984
3.666016
4.500000
3.574219
3.060547
2.500000
2.000000
3.250000
3.333984
3.000000
3.761719
3.300781
3.927734
3.199219
1.500000
2.449219
3.132812
3.500000
1.916992
4.000000
2.000000
2.000000
4.000000
4.000000
4.000000
3.000000
3.000000
1.000000
3.500000
4.000000
4.000000
3.750000
2.500000
2.500000
3.533203
2.500000
4.250000
3.000000
3.500000
4.000000
2.750000
3.500000
3.833984
3.714844
0.000000
3.125000
3.500000
4.500000
3.388672
4.250000
3.750000
3.500000
2.500000
2.333984
3.000000
3.337891
3.365234
3.875000
2.699219
3.394531
2.500000
3.500000
4.000000
4.000000
3.500000
3.000000
4.500000
2.250000
2.000000
4.000000
4.000000
4.332031
3.500000
3.900391
2.500000
3.750000
4.250000
3.500000
3.666016
4.000000
2.500000
3.833984
4.500000
3.416016
2.250000
3.250000
2.625000
3.500000
3.250000
3.666016
3.750000
3.564453
3.460938
3.000000
3.000000
3.687500
3.625000
3.882812
2.500000
3.515625
3.000000
3.500000
3.341797
3.675781
4.250000
2.000000
3.833984
3.500000
3.250000
3.791016
2.072266
2.750000
4.500000
3.500000
5.000000
4.000000
4.000000
3.000000
3.000000
5.000000
3.000000
3.000000
3.750000
4.000000
3.500000
2.500000
2.500000
1.000000
3.750000
2.500000
1.500000
4.500000
2.500000
3.500000
4.500000
4.000000
4.000000
4.000000
3.500000
1.500000
4.000000
0.000000
0.000000
3.500000
3.750000
0.500000
4.000000
3.000000
3.017578
3.628906
3.500000
3.000000
2.500000
3.250000
4.500000
3.712891
2.500000
4.000000
3.636719
3.062500
2.638672
0.500000
3.000000
1.000000
2.500000
2.500000
2.500000
3.000000
4.355469
3.000000
2.250000
2.500000
1.500000
3.875000
1.500000
2.333984
3.599609
2.500000
2.500000
2.000000
2.500000
2.000000
2.500000
3.500000
3.000000
0.500000
2.544922
2.750000
3.500000
2.726562
2.750000
3.099609
3.500000
3.500000
3.673828
3.871094
4.000000
3.375000
3.250000
4.000000
4.000000
4.500000
4.000000
3.500000
3.500000
2.681641
3.250000
3.611328
2.500000
3.750000
2.000000
3.427734
3.425781
3.000000
3.500000
2.500000
4.250000
3.000000
3.500000
4.000000
3.500000
3.500000
4.667969
1.000000
4.375000
4.667969
3.500000
2.500000
2.769531
2.625000
3.666016
3.683594
4.000000
3.500000
5.000000
3.273438
3.953125
3.861328
0.500000
1.500000
2.785156
3.535156
2.333984
3.312500
3.851562
3.414062
3.937500
2.500000
3.500000
4.250000
3.921875
3.500000
3.324219
2.912109
1.791992
4.000000
3.500000
4.000000
3.500000
3.500000
4.000000
3.500000
4.000000
3.500000
2.500000
5.000000
4.000000
3.666016
0.500000
4.500000
4.300781
4.000000
3.500000
3.500000
2.000000
4.500000
4.000000
3.349609
4.000000
3.000000
3.666016
3.500000
3.500000
4.000000
5.000000
3.833984
3.000000
3.750000
0.500000
3.500000
4.000000
3.500000
2.500000
3.500000
3.875000
5.000000
4.000000
4.000000
3.666016
1.750000
4.500000
4.000000
2.750000
3.500000
3.500000
0.500000
3.500000
2.500000
3.000000
2.500000
3.500000
0.000000
4.000000
3.500000
2.833984
2.500000
4.000000
4.500000
4.250000
4.250000
4.000000
2.000000
3.750000
4.000000
2.500000
3.500000
4.500000
4.500000
3.500000
3.500000
4.500000
0.500000
3.000000
3.500000
2.500000
2.000000
3.750000
4.000000
4.500000
3.750000
3.000000
4.000000
3.500000
5.000000
3.333984
3.000000
3.500000
3.500000
3.500000
4.082031
3.375000
4.500000
5.000000
5.000000
4.000000
0.500000
3.500000
4.000000
4.000000
3.750000
4.000000
3.000000
3.666016
3.500000
0.500000
3.000000
4.000000
4.000000
4.000000
3.500000
3.833984
4.000000
4.000000
4.000000
4.000000
3.500000
4.000000
4.000000
3.750000
3.500000
2.500000
3.750000
2.000000
4.500000
2.500000
3.500000
4.500000
3.500000
4.000000
4.500000
3.000000
3.500000
3.000000
3.500000
4.500000
2.250000
2.500000
2.500000
3.750000
2.000000
3.500000
3.000000
4.500000
4.000000
2.500000
1.000000
4.000000
3.500000
5.000000
3.500000
1.000000
2.500000
3.000000
3.000000
1.000000
2.000000
3.833984
3.000000
0.500000
2.000000
3.500000
3.833984
5.000000
4.500000
4.500000
2.500000
4.500000
3.125000
4.000000
4.250000
3.166016
4.000000
2.250000
4.000000
5.000000
2.000000
3.500000
4.398438
5.000000
3.750000
4.250000
3.960938
3.500000
3.000000
3.400391
4.500000
3.833984
4.000000
3.500000
4.000000
3.500000
2.000000
3.250000
4.000000
3.500000
1.666992
4.000000
4.000000
4.000000
4.500000
2.500000
4.375000
4.000000
4.000000
4.000000
4.000000
5.000000
3.000000
1.500000
3.916016
3.000000
3.000000
3.500000
5.000000
5.000000
4.500000
3.250000
4.000000
4.000000
3.500000
3.500000
3.500000
4.000000
5.000000
3.000000
4.000000
4.500000
1.500000
3.000000
3.750000
4.500000
4.500000
4.167969
2.000000
3.333984
3.500000
3.500000
4.332031
2.000000
2.750000
3.750000
4.500000
2.750000
4.500000
2.000000
3.500000
4.000000
2.500000
3.375000
3.750000
3.500000
4.000000
3.500000
3.000000
1.000000
3.500000
3.500000
0.500000
4.000000
4.000000
4.000000
4.000000
3.000000
2.666016
1.000000
4.250000
4.000000
4.000000
5.000000
2.800781
3.427734
4.500000
1.500000
3.675781
5.000000
3.750000
1.000000
1.000000
4.500000
2.500000
3.132812
4.000000
3.908203
2.500000
5.000000
4.000000
4.332031
3.666016
4.250000
3.500000
3.500000
2.250000
3.921875
3.500000
4.000000
2.000000
3.214844
3.900391
5.000000
1.750000
1.000000
3.500000
3.250000
4.000000
4.332031
2.833984
4.500000
3.583984
2.500000
3.107422
3.099609
5.000000
3.722656
4.500000
3.000000
3.625000
1.500000
4.250000
3.300781
3.500000
0.500000
4.000000
3.000000
3.000000
3.500000
4.000000
3.000000
3.785156
2.333984
5.000000
3.500000
3.392578
4.000000
4.000000
3.699219
4.250000
4.000000
3.666016
3.984375
3.000000
3.181641
3.833984
3.568359
3.617188
3.812500
2.500000
3.427734
3.722656
3.320312
3.000000
2.500000
4.500000
4.000000
2.000000
3.500000
2.000000
3.333984
2.500000
4.500000
3.250000
4.000000
3.000000
3.000000
4.000000
3.750000
3.750000
3.000000
2.500000
4.500000
4.000000
2.300781
4.250000
3.500000
3.500000
0.500000
2.250000
2.250000
4.250000
3.974609
5.000000
3.500000
2.000000
4.500000
1.000000
4.167969
4.750000
4.000000
2.000000
2.500000
2.750000
4.000000
4.500000
4.000000
4.203125
4.000000
4.500000
3.228516
4.500000
2.166016
3.240234
2.500000
1.000000
3.250000
0.500000
3.000000
3.500000
3.658203
5.000000
4.000000
4.000000
4.000000
3.666016
2.500000
3.500000
5.000000
3.000000
2.166016
3.000000
4.000000
3.445312
3.269531
3.000000
4.000000
0.500000
3.500000
1.500000
2.000000
4.000000
3.500000
4.250000
2.000000
5.000000
2.500000
2.166016
3.500000
2.000000
3.000000
3.000000
3.500000
3.500000
4.000000
4.000000
3.000000
3.250000
3.000000
5.000000
3.000000
4.000000
5.000000
5.000000
4.000000
4.000000
4.000000
3.949219
4.000000
3.099609
3.062500
4.000000
1.000000
3.000000
3.000000
4.000000
3.500000
4.500000
4.250000
4.500000
0.500000
3.000000
2.750000
4.000000
4.332031
3.000000
4.000000
3.294922
3.500000
2.000000
3.500000
4.500000
3.500000
3.642578
1.000000
2.949219
1.833008
4.000000
4.000000
3.000000
4.000000
4.000000
3.500000
3.750000
3.628906
2.750000
2.250000
3.000000
3.000000
2.500000
3.285156
3.500000
3.833984
3.166016
3.578125
3.750000
3.500000
3.101562
1.500000
2.500000
1.000000
4.000000
3.500000
3.857422
2.250000
4.000000
2.500000
3.300781
2.214844
3.500000
2.699219
2.500000
4.250000
4.000000
4.000000
2.500000
3.000000
2.849609
3.888672
2.000000
2.666016
2.533203
4.000000
3.546875
4.250000
3.000000
2.750000
3.158203
3.333984
3.333984
4.500000
3.458984
2.125000
3.000000
4.000000
3.500000
3.000000
3.787109
4.500000
3.599609
0.000000
2.500000
2.250000
4.000000
1.500000
3.599609
2.500000
4.000000
3.750000
3.750000
3.000000
3.000000
3.646484
3.500000
3.000000
3.083984
2.000000
1.500000
2.544922
2.500000
3.445312
3.000000
3.062500
4.082031
3.677734
2.500000
3.285156
3.000000
3.812500
5.000000
2.750000
3.750000
1.000000
2.199219
3.250000
3.400391
2.539062
4.000000
2.500000
3.250000
2.455078
3.738281
3.650391
3.625000
3.000000
3.500000
3.921875
3.000000
3.312500
3.250000
3.000000
4.332031
3.750000
3.792969
4.167969
3.500000
4.398438
3.125000
3.500000
3.250000
2.000000
3.000000
3.621094
3.750000
4.000000
3.851562
3.250000
3.000000
3.000000
0.500000
4.332031
5.000000
2.500000
0.000000
4.500000
3.125000
3.166016
3.250000
3.500000
3.400391
4.500000
3.500000
4.000000
4.000000
4.500000
5.000000
3.500000
2.333984
4.750000
4.332031
4.500000
3.000000
4.250000
3.687500
2.000000
3.250000
3.724609
3.000000
3.857422
3.880859
2.500000
3.880859
2.900391
2.500000
2.875000
3.500000
4.000000
1.750000
3.833984
3.500000
4.000000
4.667969
3.458984
3.283203
3.318359
5.000000
0.000000
3.500000
3.250000
3.000000
3.750000
4.500000
3.687500
2.833984
4.398438
2.500000
3.000000
2.250000
1.750000
2.833984
4.250000
4.500000
3.166016
0.000000
4.000000
3.750000
3.166016
4.500000
3.500000
3.750000
1.000000
2.625000
3.500000
3.000000
3.000000
3.250000
3.500000
3.166016
2.500000
1.500000
5.000000
4.000000
3.000000
3.500000
1.000000
5.000000
4.000000
3.000000
3.666016
3.000000
3.562500
2.000000
3.500000
2.000000
3.750000
4.000000
4.000000
3.500000
4.000000
3.000000
2.125000
3.500000
4.000000
2.666016
3.000000
2.500000
3.500000
4.000000
3.000000
1.599609
4.000000
2.142578
3.500000
2.000000
2.888672
2.916016
3.175781
2.000000
4.015625
2.833984
3.912109
4.500000
3.875000
3.800781
3.250000
4.000000
4.000000
2.000000
2.000000
4.000000
4.000000
3.931641
4.000000
2.500000
3.500000
4.000000
3.839844
3.000000
3.449219
3.833984
3.000000
4.000000
1.500000
3.000000
4.101562
1.750000
3.500000
3.500000
2.500000
2.000000
2.875000
3.833984
4.000000
3.250000
2.250000
2.875000
4.500000
3.500000
3.750000
3.308594
1.500000
3.750000
2.000000
3.000000
2.900391
3.750000
3.500000
2.986328
3.318359
2.099609
4.000000
3.160156
3.500000
1.000000
2.927734
3.125000
2.550781
4.000000
3.142578
3.416016
2.500000
3.500000
2.250000
2.250000
2.750000
2.750000
3.500000
4.000000
3.789062
3.500000
4.000000
3.500000
4.082031
2.572266
1.250000
4.500000
2.615234
4.500000
4.000000
3.000000
0.500000
3.908203
3.500000
3.562500
2.000000
3.666016
3.500000
1.750000
4.000000
3.250000
2.750000
2.750000
3.058594
3.054688
2.000000
3.662109
2.699219
4.500000
3.791016
4.000000
2.750000
4.500000
4.250000
1.500000
3.142578
4.000000
3.750000
3.000000
4.000000
3.500000
1.000000
3.250000
2.500000
4.000000
2.750000
3.500000
3.250000
3.000000
3.591797
3.000000
3.726562
3.400391
2.687500
3.000000
3.099609
5.000000
1.000000
0.500000
2.000000
3.000000
2.833984
3.000000
4.000000
3.136719
3.583984
4.000000
3.125000
4.500000
3.277344
3.000000
3.000000
4.500000
3.000000
3.500000
3.750000
4.000000
4.000000
4.000000
2.750000
3.166016
3.273438
3.673828
3.000000
4.500000
4.203125
3.000000
4.000000
0.500000
3.750000
0.500000
4.000000
3.000000
1.000000
5.000000
3.888672
4.332031
0.000000
4.035156
3.666016
3.250000
3.626953
4.125000
3.875000
5.000000
3.500000
3.500000
3.333984
2.857422
1.000000
3.500000
3.222656
1.000000
4.000000
3.000000
3.500000
4.000000
3.876953
2.166016
3.460938
5.000000
3.500000
3.269531
4.000000
3.500000
3.500000
3.500000
3.000000
2.250000
4.039062
3.500000
2.166016
3.599609
4.000000
3.500000
4.000000
3.250000
3.250000
4.000000
2.500000
0.000000
3.166016
4.500000
3.500000
2.250000
4.500000
3.000000
4.046875
2.000000
4.000000
3.000000
3.000000
4.500000
4.000000
2.000000
3.500000
4.000000
3.000000
2.625000
4.750000
3.000000
4.375000
3.500000
5.000000
4.500000
4.500000
2.500000
3.500000
1.500000
3.250000
2.250000
1.500000
4.000000
3.750000
3.982422
3.625000
3.000000
3.750000
4.000000
2.285156
3.900391
3.187500
3.099609
4.000000
4.000000
3.500000
4.500000
4.000000
2.500000
3.761719
4.500000
0.500000
4.000000
1.750000
4.000000
3.500000
1.000000
5.000000
3.925781
1.500000
3.558594
3.000000
3.500000
4.000000
3.000000
3.250000
3.000000
2.750000
3.000000
4.000000
4.214844
2.500000
2.000000
3.500000
3.142578
3.666016
3.312500
4.000000
3.408203
2.500000
3.884766
3.500000
3.650391
2.000000
3.750000
4.000000
4.000000
3.500000
3.500000
3.500000
5.000000
2.833984
3.375000
4.500000
2.250000
3.000000
3.500000
2.716797
2.500000
4.500000
4.000000
4.089844
4.000000
4.000000
4.167969
3.625000
3.396484
3.777344
3.427734
4.250000
0.500000
3.115234
3.863281
3.273438
4.000000
2.500000
4.000000
4.000000
3.250000
3.900391
3.240234
2.000000
3.166016
4.000000
2.750000
1.937500
2.500000
3.833984
3.615234
3.666016
0.500000
4.500000
5.000000
2.916016
3.572266
3.642578
3.500000
2.750000
1.599609
3.226562
2.500000
3.750000
2.714844
3.400391
4.000000
5.000000
4.000000
3.869141
1.500000
3.337891
3.666016
4.125000
3.958984
0.500000
5.000000
3.750000
4.500000
3.000000
3.500000
3.738281
4.000000
2.333984
2.833984
4.500000
4.000000
3.500000
0.500000
3.000000
3.500000
2.500000
4.000000
4.000000
4.222656
0.500000
3.677734
4.000000
3.875000
4.500000
3.833984
4.250000
4.375000
3.000000
4.000000
3.500000
4.000000
3.750000
4.000000
3.710938
4.000000
2.375000
4.000000
2.875000
3.250000
3.628906
2.750000
4.250000
2.500000
2.250000
3.583984
3.785156
4.000000
4.500000
3.833984
3.666016
3.142578
3.785156
2.500000
3.333984
3.000000
4.000000
2.000000
4.199219
3.500000
5.000000
4.000000
2.916016
3.000000
3.000000
3.000000
3.875000
2.000000
2.500000
3.455078
2.857422
3.400391
3.900391
4.011719
2.812500
3.500000
3.000000
3.500000
3.916016
0.000000
2.500000
3.250000
2.750000
0.000000
3.500000
2.500000
1.000000
3.000000
3.625000
3.732422
2.500000
3.750000
3.199219
3.191406
1.833008
3.833984
4.000000
3.500000
3.750000
1.000000
3.875000
3.853516
3.750000
3.625000
4.250000
4.500000
4.000000
3.316406
3.357422
4.152344
3.857422
1.875000
3.750000
5.000000
3.000000
4.000000
2.500000
3.833984
3.625000
3.125000
5.000000
0.500000
4.332031
3.333984
2.500000
4.250000
3.210938
3.750000
3.500000
3.500000
3.000000
3.833984
2.500000
3.583984
1.333008
3.304688
3.947266
3.500000
4.500000
2.500000
3.000000
4.000000
3.000000
2.273438
4.000000
3.916016
3.250000
2.750000
1.000000
0.500000
3.750000
2.500000
4.250000
1.500000
3.591797
2.500000
3.375000
4.000000
4.199219
3.166016
2.250000
3.750000
4.167969
4.000000
3.500000
4.500000
3.000000
4.500000
3.500000
4.234375
3.750000
5.000000
1.500000
4.000000
3.804688
3.250000
3.833984
3.000000
3.500000
3.000000
2.500000
2.500000
3.294922
2.125000
3.000000
4.199219
2.916016
2.500000
2.666016
4.000000
4.000000
3.500000
3.000000
4.000000
3.500000
5.000000
4.000000
4.027344
3.000000
4.500000
3.466797
3.955078
5.000000
3.750000
2.750000
3.250000
5.000000
3.199219
3.500000
5.000000
2.000000
2.666016
2.562500
3.000000
5.000000
4.000000
3.400391
3.250000
4.500000
3.802734
4.000000
4.000000
4.500000
3.000000
0.500000
3.500000
2.333984
3.500000
3.000000
3.500000
3.833984
2.333984
3.175781
3.703125
2.722656
2.894531
4.000000
3.191406
4.000000
4.000000
0.500000
4.000000
4.000000
3.375000
3.500000
4.250000
2.500000
3.833984
5.000000
3.333984
2.500000
3.500000
2.750000
2.500000
4.000000
1.000000
5.000000
3.654297
3.666016
3.785156
3.500000
3.333984
3.833984
3.000000
4.000000
2.333984
3.666016
3.208984
0.500000
5.000000
3.523438
4.000000
3.833984
3.000000
3.000000
3.421875
2.666016
4.500000
4.500000
2.500000
4.250000
3.777344
3.375000
5.000000
2.500000
3.783203
0.500000
2.250000
3.833984
4.250000
3.000000
2.750000
3.000000
0.500000
3.500000
4.000000
1.500000
3.250000
4.500000
3.375000
3.250000
5.000000
3.285156
4.000000
3.000000
4.500000
4.250000
3.500000
3.900391
3.750000
3.000000
3.500000
1.333008
3.269531
3.833984
3.833984
3.250000
4.500000
1.500000
4.500000
3.500000
4.000000
3.550781
3.000000
3.916016
3.187500
3.666016
3.375000
3.759766
3.146484
3.427734
4.500000
2.500000
3.750000
1.750000
3.333984
3.500000
2.000000
3.500000
0.500000
4.000000
3.666016
3.000000
5.000000
3.125000
3.408203
3.636719
2.539062
2.000000
1.500000
4.062500
4.500000
1.000000
1.000000
4.167969
3.500000
3.250000
5.000000
3.750000
4.500000
2.500000
2.500000
4.500000
4.500000
1.000000
3.099609
3.833984
3.849609
3.250000
5.000000
3.000000
3.000000
4.046875
3.970703
4.000000
3.632812
3.154297
3.357422
3.000000
3.750000
2.500000
5.000000
4.000000
3.750000
3.500000
3.750000
3.250000
3.599609
4.000000
5.000000
2.800781
4.000000
4.179688
3.000000
2.500000
3.000000
3.958984
3.500000
2.500000
1.500000
2.099609
2.500000
4.000000
4.125000
4.000000
3.142578
3.000000
0.500000
3.166016
2.500000
0.500000
3.750000
3.791016
2.500000
3.000000
2.500000
2.500000
3.125000
2.500000
3.583984
2.000000
3.500000
2.250000
4.199219
3.500000
2.500000
3.000000
1.500000
0.500000
4.199219
3.500000
4.000000
4.000000
4.000000
1.000000
3.000000
3.625000
3.888672
2.666016
2.714844
3.333984
3.572266
3.625000
4.500000
2.000000
3.300781
4.000000
5.000000
4.750000
3.125000
2.500000
3.142578
3.000000
2.500000
2.000000
3.199219
3.750000
4.101562
3.900391
4.500000
3.681641
2.000000
4.136719
3.857422
3.750000
2.750000
4.125000
4.167969
2.912109
1.000000
4.500000
3.833984
3.000000
4.000000
4.000000
3.199219
2.500000
3.375000
3.384766
2.800781
4.500000
4.250000
3.500000
4.000000
0.500000
3.500000
2.000000
3.500000
3.500000
3.943359
2.500000
0.500000
4.000000
3.666016
1.500000
3.613281
3.599609
2.500000
3.000000
2.250000
2.750000
4.000000
2.388672
3.000000
1.000000
3.500000
4.132812
3.000000
4.250000
3.750000
2.625000
4.000000
4.000000
2.750000
3.099609
3.642578
3.333984
4.000000
3.000000
2.875000
1.500000
2.500000
3.755859
5.000000
2.375000
3.250000
1.500000
4.070312
4.500000
4.000000
2.500000
3.427734
0.500000
0.500000
4.000000
3.625000
2.500000
3.500000
3.500000
4.007812
3.785156
2.500000
2.416016
3.500000
3.000000
4.000000
3.500000
3.300781
2.000000
3.000000
3.500000
2.500000
2.500000
3.500000
4.500000
1.750000
3.500000
2.500000
5.000000
2.000000
3.166016
4.500000
3.000000
0.500000
3.500000
3.500000
3.714844
3.416016
4.000000
3.750000
4.332031
3.500000
3.857422
3.625000
5.000000
3.500000
3.054688
2.625000
2.166016
2.875000
3.666016
3.166016
2.250000
2.500000
2.927734
5.000000
4.000000
4.332031
4.500000
3.500000
1.000000
4.101562
3.230469
3.875000
2.500000
2.500000
4.000000
3.166016
2.927734
3.000000
3.072266
3.000000
3.634766
1.500000
3.583984
4.500000
4.000000
2.000000
1.500000
2.833984
3.000000
5.000000
2.500000
2.000000
2.500000
3.583984
0.500000
3.900391
3.480469
2.500000
3.000000
4.000000
3.250000
4.000000
3.000000
3.250000
4.082031
3.000000
2.750000
2.500000
4.023438
4.000000
4.000000
4.750000
4.500000
2.412109
3.500000
3.750000
4.000000
2.916016
2.166016
2.000000
3.500000
2.800781
3.000000
3.000000
2.500000
3.000000
3.500000
3.894531
4.500000
4.000000
2.000000
1.500000
2.750000
3.500000
3.000000
3.750000
2.900391
3.500000
2.500000
4.500000
4.000000
2.500000
4.000000
3.642578
2.375000
3.875000
3.785156
2.250000
4.000000
2.166016
2.500000
3.750000
3.599609
3.333984
3.000000
4.500000
3.000000
3.587891
3.500000
4.417969
1.500000
3.500000
3.000000
2.500000
4.000000
3.000000
4.750000
3.000000
2.000000
4.000000
4.500000
3.500000
3.000000
3.875000
2.375000
5.000000
2.000000
4.500000
3.500000
2.000000
3.199219
3.875000
4.250000
4.167969
0.500000
3.000000
4.250000
2.000000
3.750000
2.833984
3.794922
3.833984
4.000000
3.833984
3.500000
2.666016
3.250000
3.250000
3.500000
3.000000
4.000000
3.000000
4.000000
3.166016
2.000000
2.000000
5.000000
3.500000
5.000000
3.000000
3.125000
3.214844
3.000000
3.000000
3.125000
3.000000
3.375000
3.666016
2.250000
2.500000
4.500000
1.500000
2.125000
3.166016
2.000000
4.500000
4.000000
3.000000
4.500000
2.750000
3.500000
2.000000
3.000000
4.000000
4.152344
4.332031
4.500000
1.666992
3.500000
3.666016
3.500000
3.000000
3.000000
2.500000
3.000000
2.500000
2.000000
2.500000
5.000000
3.666016
3.000000
3.375000
4.000000
3.000000
1.250000
5.000000
3.916016
3.464844
4.417969
2.500000
3.599609
2.500000
4.000000
4.000000
4.125000
2.750000
4.500000
3.333984
3.750000
2.750000
3.500000
2.000000
2.750000
2.000000
3.500000
0.500000
4.000000
3.000000
3.062500
3.500000
2.000000
2.000000
3.500000
1.000000
3.166016
1.833008
2.833984
4.070312
3.000000
4.000000
3.583984
2.800781
3.500000
3.500000
2.250000
1.750000
3.000000
4.500000
1.500000
5.000000
4.000000
4.000000
4.250000
4.000000
3.166016
3.718750
4.050781
3.000000
4.500000
4.000000
4.000000
2.812500
4.500000
2.250000
3.250000
2.750000
2.500000
3.125000
2.708984
2.500000
4.000000
4.167969
2.500000
5.000000
3.750000
3.500000
2.500000
3.427734
5.000000
4.500000
2.500000
3.960938
3.250000
3.500000
4.000000
3.500000
2.750000
3.500000
4.500000
3.500000
3.000000
2.750000
3.000000
4.500000
4.000000
3.000000
3.500000
0.500000
3.125000
3.976562
3.765625
3.677734
2.500000
5.000000
2.500000
4.500000
3.750000
2.000000
4.500000
2.000000
4.000000
5.000000
3.250000
1.500000
4.500000
3.250000
5.000000
1.000000
3.250000
2.000000
4.000000
3.099609
3.250000
3.949219
3.000000
3.500000
3.500000
4.000000
3.750000
4.000000
2.500000
3.750000
3.333984
3.000000
4.027344
3.500000
3.000000
4.000000
2.750000
2.800781
3.630859
4.000000
3.779297
3.500000
2.500000
3.000000
2.699219
4.250000
4.167969
4.000000
4.000000
3.923828
3.925781
3.666016
0.500000
3.000000
4.136719
3.000000
2.500000
3.000000
3.500000
1.500000
1.375000
3.500000
3.500000
2.833984
3.625000
2.500000
2.427734
4.000000
0.000000
2.750000
3.841797
2.884766
3.500000
3.250000
4.167969
3.000000
5.000000
3.875000
2.333984
1.750000
3.500000
3.000000
1.000000
3.500000
3.750000
3.875000
2.000000
1.000000
3.500000
5.000000
4.000000
4.000000
2.187500
5.000000
3.500000
2.500000
5.000000
3.000000
4.000000
3.500000
2.312500
3.750000
4.000000
4.500000
2.250000
4.000000
3.500000
4.000000
3.816406
4.000000
3.500000
3.750000
4.000000
3.500000
1.000000
2.937500
3.500000
2.500000
5.000000
3.500000
3.500000
3.000000
1.500000
4.000000
2.812500
4.101562
4.000000
3.714844
2.500000
4.250000
3.291016
3.500000
3.500000
2.699219
2.750000
2.666016
2.312500
4.000000
4.000000
2.500000
4.000000
4.101562
2.666016
4.500000
1.500000
1.000000
3.500000
3.625000
4.019531
3.750000
2.166016
2.500000
3.500000
4.000000
4.109375
3.000000
3.500000
2.250000
3.416016
4.750000
3.000000
2.000000
1.000000
3.300781
3.000000
3.500000
2.750000
3.099609
4.000000
3.357422
4.250000
4.250000
4.500000
5.000000
4.500000
4.250000
2.500000
4.000000
2.500000
3.000000
4.000000
5.000000
3.437500
2.000000
3.000000
4.000000
2.650391
3.927734
4.000000
3.000000
3.500000
2.500000
2.000000
3.666016
1.500000
3.500000
3.833984
3.982422
3.750000
2.875000
3.000000
3.375000
3.000000
2.400391
1.500000
2.000000
2.250000
2.722656
2.750000
1.333008
3.000000
4.500000
2.000000
2.908203
1.500000
3.500000
2.000000
3.000000
2.500000
3.500000
4.000000
4.218750
3.900391
3.658203
3.677734
4.250000
4.000000
3.250000
2.000000
4.000000
2.000000
3.500000
3.111328
3.666016
4.000000
3.791016
2.666016
4.000000
3.083984
2.500000
1.000000
0.500000
1.500000
3.500000
2.750000
3.833984
4.500000
3.500000
3.500000
4.500000
2.333984
1.500000
2.000000
2.500000
3.000000
4.000000
4.000000
3.500000
4.000000
2.000000
3.000000
3.500000
3.500000
1.000000
3.000000
1.500000
3.500000
3.781250
3.500000
4.011719
3.500000
4.300781
3.500000
3.900391
3.945312
3.250000
2.000000
3.691406
4.500000
4.000000
3.833984
4.000000
5.000000
3.000000
2.750000
2.500000
3.500000
4.000000
3.199219
3.500000
3.000000
3.388672
4.167969
4.250000
3.250000
2.333984
2.000000
2.000000
3.642578
4.250000
4.167969
2.500000
2.500000
3.000000
3.000000
1.500000
3.357422
4.500000
3.300781
0.500000
2.750000
1.500000
4.000000
3.800781
3.666016
2.500000
3.500000
3.000000
3.000000
3.750000
1.500000
4.000000
1.500000
2.000000
3.500000
3.000000
1.500000
2.000000
3.000000
2.500000
3.380859
1.000000
3.687500
2.857422
3.769531
4.000000
2.500000
2.000000
2.500000
1.750000
3.722656
3.500000
3.812500
1.500000
5.000000
1.500000
5.000000
2.375000
3.000000
1.500000
4.000000
3.500000
2.500000
3.500000
2.666016
2.000000
4.500000
4.000000
3.000000
2.500000
2.000000
4.000000
2.000000
2.000000
5.000000
2.500000
4.167969
2.000000
2.500000
3.199219
4.000000
2.000000
5.000000
2.500000
2.500000
3.125000
4.000000
4.500000
4.000000
2.500000
2.500000
3.500000
4.000000
2.500000
1.000000
3.000000
4.000000
4.667969
4.500000
1.500000
4.500000
1.666992
2.000000
3.250000
5.000000
5.000000
2.900391
2.937500
4.000000
3.000000
4.167969
4.000000
4.000000
3.375000
1.500000
4.000000
4.000000
3.750000
1.000000
3.500000
2.333984
4.082031
3.654297
4.500000
1.500000
2.000000
1.500000
2.333984
2.500000
4.500000
3.500000
2.750000
3.000000
4.000000
3.714844
2.250000
1.000000
2.500000
2.000000
3.500000
3.191406
2.000000
4.000000
2.833984
3.125000
3.500000
2.500000
4.500000
4.500000
2.000000
3.710938
0.000000
2.500000
4.167969
1.750000
5.000000
4.500000
4.000000
3.500000
3.000000
3.576172
3.000000
2.250000
3.000000
1.750000
2.599609
3.666016
3.333984
5.000000
3.000000
5.000000
2.949219
0.500000
3.333984
3.500000
4.500000
4.500000
3.500000
3.324219
3.000000
3.300781
4.500000
2.750000
3.500000
2.500000
0.500000
2.500000
4.500000
4.000000
3.500000
3.500000
4.500000
3.833984
2.722656
3.500000
3.500000
4.500000
4.000000
3.500000
4.000000
5.000000
3.937500
2.666016
2.000000
2.000000
3.000000
3.500000
4.000000
2.500000
3.000000
2.500000
4.250000
3.750000
2.000000
2.500000
3.500000
1.500000
3.927734
2.500000
4.000000
3.500000
2.250000
1.000000
4.500000
2.500000
2.000000
1.500000
4.000000
3.199219
3.500000
4.000000
3.000000
3.927734
4.250000
5.000000
3.000000
2.375000
1.500000
4.000000
4.500000
5.000000
2.500000
2.750000
3.199219
5.000000
3.500000
3.947266
4.000000
3.000000
3.500000
4.000000
1.500000
3.500000
3.500000
4.500000
2.000000
4.500000
3.427734
2.000000
4.000000
5.000000
1.750000
2.000000
3.000000
4.000000
4.000000
3.500000
3.525391
3.681641
3.333984
3.000000
3.773438
4.500000
3.500000
4.000000
3.500000
2.500000
2.250000
4.300781
5.000000
3.427734
1.500000
1.500000
3.500000
3.300781
3.000000
2.000000
3.000000
4.000000
2.000000
3.500000
4.750000
3.000000
5.000000
4.000000
3.750000
3.000000
5.000000
4.000000
3.000000
3.519531
4.000000
2.000000
1.500000
4.000000
5.000000
3.591797
5.000000
1.500000
3.214844
5.000000
2.500000
4.000000
2.500000
2.937500
3.976562
2.125000
4.000000
3.333984
3.000000
2.500000
2.500000
2.500000
2.000000
2.000000
2.000000
3.000000
2.500000
1.500000
3.000000
4.500000
4.000000
2.500000
4.000000
3.375000
3.500000
5.000000
4.500000
4.000000
4.000000
4.000000
3.000000
2.500000
2.000000
3.000000
3.000000
2.000000
4.000000
1.500000
4.500000
3.500000
2.250000
1.500000
4.000000
3.000000
2.500000
2.500000
2.500000
3.500000
1.500000
3.500000
2.250000
1.875000
3.000000
4.000000
5.000000
4.125000
2.333984
3.833984
2.250000
4.500000
2.500000
3.000000
2.500000
2.000000
3.000000
1.625000
3.125000
2.500000
3.166016
1.500000
3.099609
2.750000
3.900391
2.000000
1.750000
1.666992
2.166016
4.000000
5.000000
3.199219
1.500000
3.166016
3.500000
3.500000
5.000000
3.000000
3.500000
3.500000
2.000000
3.699219
5.000000
4.500000
2.000000
1.500000
3.500000
2.875000
3.775391
0.000000
2.833984
4.000000
5.000000
4.000000
2.000000
3.250000
3.000000
5.000000
1.000000
3.625000
3.666016
1.200195
3.099609
3.000000
3.750000
2.000000
2.955078
3.666016
4.000000
3.000000
3.572266
3.500000
2.500000
3.125000
3.875000
2.687500
2.892578
3.500000
3.250000
3.375000
2.000000
3.550781
1.833008
2.166016
4.500000
0.000000
1.500000
3.750000
2.000000
1.500000
3.875000
1.166992
3.500000
2.500000
2.875000
5.000000
2.500000
3.000000
2.500000
3.000000
2.500000
3.000000
2.000000
2.666016
3.750000
2.000000
4.332031
3.000000
1.500000
4.000000
5.000000
2.000000
3.000000
2.500000
2.333984
2.900391
2.500000
3.000000
4.500000
3.000000
3.000000
2.500000
4.000000
4.000000
4.035156
4.500000
3.500000
3.500000
4.000000
4.000000
3.500000
1.500000
3.000000
4.000000
1.000000
3.742188
4.000000
3.400391
4.000000
2.500000
4.363281
3.666016
4.250000
2.000000
1.000000
4.375000
3.500000
3.199219
4.250000
3.000000
1.500000
4.500000
4.000000
4.000000
4.199219
2.000000
4.000000
2.000000
3.500000
1.333008
3.000000
4.500000
3.958984
3.250000
3.408203
3.500000
4.500000
4.000000
3.000000
3.181641
3.880859
1.000000
4.000000
3.000000
3.000000
1.750000
3.666016
2.500000
3.000000
4.082031
4.250000
3.500000
5.000000
3.500000
3.289062
3.908203
2.666016
4.000000
1.500000
3.800781
4.042969
4.000000
3.750000
4.121094
3.500000
3.000000
3.500000
1.500000
3.375000
3.572266
4.078125
4.000000
3.000000
3.500000
4.500000
4.500000
3.250000
4.000000
2.722656
3.000000
3.572266
5.000000
5.000000
3.500000
5.000000
5.000000
0.000000
5.000000
1.500000
2.500000
3.500000
4.500000
2.000000
3.000000
5.000000
3.500000
2.000000
3.500000
2.000000
2.333984
2.726562
4.000000
1.500000
2.500000
4.500000
3.000000
3.000000
4.167969
2.000000
0.500000
5.000000
1.500000
4.167969
2.250000
4.000000
3.500000
2.333984
4.078125
2.333984
2.500000
4.300781
4.000000
2.000000
4.000000
4.000000
4.000000
1.750000
1.500000
4.000000
5.000000
2.000000
2.500000
4.000000
1.500000
4.027344
3.000000
4.152344
1.500000
3.583984
2.099609
2.500000
3.000000
4.500000
3.000000
3.166016
2.500000
2.000000
2.750000
3.250000
3.000000
4.117188
3.000000
2.250000
4.000000
3.000000
4.000000
4.500000
3.000000
4.000000
3.833984
2.500000
4.500000
2.833984
2.500000
4.500000
2.500000
2.111328
2.500000
4.500000
2.000000
4.000000
1.500000
1.500000
0.000000
5.000000
3.250000
3.125000
2.500000
3.500000
0.000000
0.000000
2.285156
3.791016
2.927734
3.750000
3.333984
2.000000
0.000000
3.833984
2.166016
3.699219
3.500000
3.250000
1.500000
1.500000
2.833984
3.941406
3.572266
3.250000
3.000000
3.916016
2.000000
2.000000
4.000000
4.000000
2.000000
3.875000
2.599609
4.125000
3.800781
1.500000
3.357422
1.500000
3.500000
2.099609
4.500000
4.167969
2.000000
2.000000
1.000000
3.750000
0.000000
3.875000
3.720703
5.000000
4.000000
3.500000
4.000000
2.500000
2.500000
4.500000
2.000000
4.000000
1.250000
3.000000
2.500000
2.500000
3.986328
3.500000
2.750000
4.000000
2.250000
3.750000
3.000000
4.000000
3.000000
3.000000
3.500000
3.500000
1.500000
2.166016
2.166016
1.500000
2.333984
3.500000
3.000000
3.000000
2.500000
2.750000
2.500000
3.000000
3.500000
3.833984
3.500000
4.332031
2.500000
3.500000
3.000000
4.000000
3.500000
2.857422
0.000000
3.500000
4.000000
0.000000
5.000000
4.500000
2.750000
4.000000
2.777344
3.250000
3.500000
1.500000
2.000000
3.500000
2.500000
2.000000
3.400391
4.375000
0.000000
4.000000
3.449219
2.000000
3.166016
3.500000
3.750000
3.500000
3.750000
3.500000
2.000000
3.960938
4.093750
3.000000
4.500000
3.500000
3.941406
3.500000
2.000000
4.000000
4.000000
2.500000
2.666016
1.500000
3.750000
3.000000
1.500000
1.500000
4.000000
4.109375
2.166016
2.900391
2.500000
4.000000
2.000000
4.667969
0.500000
2.666016
1.500000
2.500000
3.000000
3.000000
3.666016
4.750000
1.500000
3.750000
3.500000
3.000000
3.445312
3.500000
2.000000
1.500000
3.000000
3.166016
3.500000
4.000000
1.500000
2.500000
2.000000
2.000000
3.000000
5.000000
3.099609
0.000000
2.500000
2.000000
4.000000
5.000000
4.000000
3.500000
2.750000
3.250000
2.625000
2.000000
3.000000
3.654297
3.250000
1.000000
2.500000
2.666016
1.000000
1.750000
2.500000
2.927734
5.000000
4.500000
1.000000
5.000000
3.000000
4.000000
4.500000
3.000000
1.500000
3.791016
3.517578
5.000000
4.000000
3.884766
3.794922
2.000000
3.388672
3.572266
3.000000
2.000000
0.000000
0.000000
3.000000
2.000000
0.500000
3.500000
3.500000
1.500000
5.000000
3.000000
5.000000
2.500000
4.000000
5.000000
4.000000
4.000000
2.166016
0.000000
4.250000
3.500000
4.500000
3.500000
2.000000
3.125000
4.000000
3.000000
2.000000
0.000000
1.500000
5.000000
0.000000
4.062500
3.500000
2.000000
1.000000
4.500000
4.000000
5.000000
5.000000
4.000000
4.000000
0.500000
5.000000
3.500000
2.000000
3.000000
5.000000
3.000000
1.000000
3.500000
2.000000
1.750000
3.000000
2.000000
3.500000
4.000000
0.500000
1.500000
3.000000
2.333984
4.000000
5.000000
2.000000
3.500000
4.000000
2.250000
3.500000
3.500000
3.500000
5.000000
4.500000
2.500000
4.000000
1.000000
1.500000
4.500000
0.000000
4.000000
3.072266
4.000000
3.000000
2.000000
5.000000
0.000000
1.000000
3.000000
2.000000
3.500000
0.000000
0.000000
1.500000
2.666016
0.000000
3.500000
4.000000
3.000000
2.000000
2.000000
2.500000
2.000000
1.500000
2.916016
1.000000
4.000000
4.250000
2.000000
1.500000
2.000000
3.000000
4.101562
1.500000
3.416016
3.000000
3.699219
3.699219
3.500000
3.500000
3.000000
4.042969
3.500000
4.000000
2.750000
2.500000
4.000000
4.000000
4.000000
3.000000
3.500000
2.833984
2.500000
3.000000
3.750000
2.750000
4.000000
2.900391
4.500000
3.500000
2.875000
1.000000
5.000000
5.000000
5.000000
2.500000
1.500000
2.500000
2.000000
1.500000
1.000000
1.500000
2.500000
2.437500
3.500000
3.500000
3.000000
3.625000
3.427734
3.500000
4.000000
3.000000
1.500000
0.000000
5.000000
4.500000
5.000000
4.000000
3.625000
3.000000
4.000000
3.500000
3.427734
4.250000
2.000000
2.000000
4.000000
4.000000
3.900391
2.000000
4.000000
5.000000
4.000000
2.500000
3.166016
3.500000
3.000000
5.000000
5.000000
5.000000
5.000000
5.000000
5.000000
5.000000
4.000000
5.000000
4.000000
5.000000
5.000000
5.000000
3.500000
4.000000
1.333008
5.000000
2.500000
5.000000
2.500000
3.500000
4.000000
4.000000
5.000000
4.000000
1.000000
5.000000
3.500000
5.000000
1.500000
4.000000
3.500000
3.833984
3.000000
2.000000
3.500000
1.500000
2.500000
3.500000
3.500000
2.000000
1.500000
2.000000
3.000000
0.000000
4.000000
1.500000
5.000000
3.000000
2.500000
3.000000
1.000000
4.000000
4.000000
3.000000
2.500000
3.000000
4.167969
3.500000
2.000000
3.000000
4.000000
5.000000
3.500000
3.500000
4.000000
3.000000
5.000000
0.000000
3.599609
2.500000
5.000000
3.000000
4.000000
3.000000
3.500000
4.332031
3.000000
3.000000
2.500000
4.500000
2.000000
3.000000
3.000000
4.167969
5.000000
4.500000
2.500000
5.000000
2.500000
0.500000
3.699219
1.500000
4.000000
3.000000
3.000000
4.000000
5.000000
0.000000
4.000000
4.000000
1.000000
5.000000
4.000000
1.250000
3.750000
3.500000
1.500000
3.333984
1.500000
1.500000
3.750000
4.500000
3.500000
0.000000
4.000000
2.000000
3.000000
2.000000
1.000000
3.750000
0.500000
1.000000
2.500000
4.250000
1.500000
2.500000
2.000000
4.000000
5.000000
3.500000
4.000000
0.000000
2.500000
0.500000
0.000000
0.000000
3.000000
1.000000
1.500000
5.000000
4.500000
5.000000
3.000000
0.000000
5.000000
0.000000
0.000000
